!: 196 
": 92 327 14860 15018 15424 15432 15550 15782 15838 16019 16273 16327 
#: 122 357 575 
$: 139 374 17165 
%: 147 
&: 164 
': 16604 
(: 71 197 431 604 658 14627 14674 14849 14929 15125 15418 15502 15801 15985 16047 16470 16779 16788 16801 17063 17163 
): 204 
*: 174 409 578 587 616 14578 14587 14588 14597 14809 14813 
+: 220 454 14508 14515 14566 
-: 320 554 800 1152 1164 1882 2131 2163 2382 2387 2395 2487 3037 3094 3330 4409 4418 4420 4432 4435 4465 4481 4484 4492 4495 4500 4514 4599 4601 5110 5119 5125 5136 5140 5149 5152 5188 5193 5216 5270 5274 5275 5279 5300 5317 5320 5328 5337 5339 5374 5428 5458 5483 5494 5716 5725 5793 5805 5811 5820 5824 5825 5839 5840 5841 6080 6849 7185 7252 7254 7260 7271 7288 7294 7302 7309 7360 9517 9525 9596 9610 9629 9672 9719 10275 10292 10299 10313 10346 10349 10369 10376 10382 10387 10390 10414 10419 10433 10446 10461 10470 10473 10484 10489 10505 10512 10562 10576 10585 10596 10637 10666 13532 13550 13559 13572 13573 13584 13588 13613 13621 13642 13644 13646 13658 13721 15908 16029 16104 16147 16323 16446 16705 
.: 75 
/: 237 
0: 73 
1: 70 91 678 4218 11775 14410 14533 14540 14553 14560 14885 14896 15016 15017 15079 15116 15118 15287 15379 15389 15488 15568 15570 15590 15592 15593 15619 15621 15659 15693 15721 15737 15858 15859 15883 15885 15886 16111 16164 16227 16228 16317 16335 16398 16439 16583 16597 16628 16703 17056 
2: 572 573 659 14517 15915 16807 16896 
3: 68 89 4214 16051 16225 16938 16949 
4: 14594 14596 16018 16940 17031 17101 
5: 16968 17064 17193 17358 
6: 15976 16999 
8: 677 14524 17054 17062 
9: 16140 16457 17037 
:: 260 
<: 281 
>: 300 
?: 313 
@: 105 
A: 10 564 568 592 665 679 717 812 935 1077 1312 1425 1452 1651 1927 2093 2186 2217 2265 2410 2424 2460 2514 2790 2799 2966 2987 3411 3483 3679 3893 3985 4208 4447 4530 4617 4958 4962 5367 5394 5642 5680 5726 5813 5818 5931 6085 6097 6105 6400 6441 6509 6553 6803 7044 7121 7469 7625 7777 7931 7979 8158 8265 8476 8676 8731 9120 9292 9511 9917 9999 10099 10158 10272 10685 10743 10831 11477 11497 11576 11618 11733 11826 11919 11978 12030 12128 12159 12183 12348 12378 12442 12490 12603 12951 13146 13257 13409 13466 13576 13659 13857 14024 14050 14153 14384 14412 14413 14499 14577 14615 14794 15123 15631 15784 15840 15844 15968 16010 16027 16205 16340 16376 16400 16407 16408 16412 16420 16610 16626 16901 16926 16956 16962 17006 17036 17110 17361 17483 
B: 382 594 614 7725 10074 12242 14617 14637 14822 14897 16386 16390 16415 16616 17093 
C: 4 562 585 661 666 1645 1765 2137 2489 3055 3228 3268 3562 4070 4092 4207 4545 4829 6377 6442 6492 6704 7008 7547 8049 8125 8227 8404 9126 9183 9216 10552 10723 11132 11156 11206 11419 12213 12643 13159 13440 13617 13846 13888 14387 14494 14513 14571 14585 14651 15307 16217 16392 16423 17000 17060 17095 17199 
D: 570 571 599 615 619 664 671 680 1170 1223 1402 1475 1508 1537 1573 1914 2166 2642 2692 3313 3538 3770 4299 4776 4885 5002 5363 5379 5569 5797 5946 6303 7296 7727 7745 8089 8187 8328 8381 8539 8587 8781 8876 9002 9108 9128 9288 9411 9949 10598 10802 11159 11400 11892 12033 12098 12401 12711 12944 13047 13106 13517 13643 13647 13649 13700 13746 13944 13979 14062 14192 14312 14430 14622 14638 14824 15660 15694 15860 16255 16320 16322 16409 16421 16427 16438 16803 17033 17091 17098 17104 17241 17335 17426 
E: 2 584 633 668 669 755 933 1200 1245 1305 1751 1800 1954 2170 2257 2290 2299 2318 2766 3027 3040 3213 3381 3503 3536 3561 3563 3732 4090 4191 4370 4386 4534 4575 4850 4929 5238 5255 5666 5798 5892 5932 5948 5952 6055 6192 6195 6341 6369 6466 6476 6659 6852 6969 7322 7342 7406 7437 7492 7533 7551 7904 8083 8571 8683 8686 8907 8982 9045 9049 9100 9421 9524 9527 9817 10075 10136 10361 10539 10687 10932 11016 11605 12260 12398 12513 13005 13055 13113 13167 13234 13259 13261 13299 13309 13448 13618 13668 13726 13780 14180 14262 14293 14434 14567 14579 14584 16324 16393 16428 16584 16612 16992 17065 17096 
F: 438 591 657 813 1240 1923 3614 3854 5918 6124 6170 6737 7696 7879 7970 7992 10636 11365 12282 13848 13859 14614 14673 14811 14815 14872 15124 15126 15361 15969 16011 16028 16206 16219 16341 16382 16403 16419 16624 16625 16713 16723 16902 16927 16943 16957 16963 16991 17007 17025 17035 17079 17087 17111 17178 17391 17484 
G: 1 45 583 8508 8578 12502 13864 13966 14570 14583 14698 14712 14719 14724 14817 14833 14861 14874 14886 14893 14906 14957 14978 15019 15064 15092 15111 15121 15138 15208 15221 15234 15248 15277 15358 15388 15405 15416 15425 15433 15478 15493 15551 15583 15598 15639 15670 15692 15735 15775 15798 15852 15876 15903 15927 15951 15966 16008 16025 16067 16102 16162 16176 16203 16215 16230 16253 16259 16338 16347 16356 16431 16729 16749 16786 16798 16814 16816 16878 16885 16899 16914 16924 16954 16960 17004 17092 17108 17113 17326 17359 17363 17376 17399 17410 17472 17481 
H: 699 3687 4120 5035 11364 13168 15763 16209 16379 17369 
I: 234 468 515 681 754 1304 1643 1905 2593 3473 3868 4529 4807 8576 8963 9343 9563 9684 10931 13745 13861 14211 14335 14366 14745 14931 14963 15024 15158 15319 15489 15537 15594 16165 16396 16422 16426 16429 16447 16489 16530 16562 16614 16615 16649 16704 16808 16842 16895 16950 16987 17048 17102 17176 17293 17360 
J: 7 565 663 672 967 1593 4369 8628 11042 11442 12580 13292 14574 
K: 16611 
L: 46 55 76 576 1887 3143 5845 6241 6399 7145 7771 9545 11851 12562 14495 14812 14818 14875 15122 15278 15406 15479 15640 15671 15736 15853 15967 16009 16026 16068 16204 16318 16339 16385 16416 16440 16618 16900 16925 16955 16961 17005 17059 17109 17482 
M: 8 566 586 593 662 667 674 692 1131 1184 1383 1802 2595 2893 3408 3548 3692 4252 4723 5220 5407 6271 7059 7210 7653 8563 9137 9771 9927 10044 10524 10605 13597 13853 14409 14575 14586 14616 16208 16622 16811 16979 17032 17160 17367 17450 
N: 646 1153 1274 1319 1407 1441 1638 1904 2004 2241 2244 2358 2479 2662 2865 3343 3423 3664 3721 3912 3952 4014 4135 4231 4691 4953 4999 5032 5432 6779 6896 7218 7830 8262 8410 8442 8703 9381 9557 9727 9880 9926 10620 11272 11557 11766 11785 12536 12901 13089 13206 13413 13595 13854 13960 14466 14481 15141 16380 16383 16414 16432 16606 16617 17055 17094 
O: 399 580 598 676 876 909 1659 1683 1823 2537 2742 2826 2853 3204 3292 3417 3726 3828 3864 4516 4602 4644 4933 5638 5740 6082 6328 7031 7215 7408 8003 8727 9639 9976 10226 10937 10980 11655 11702 11869 12277 12311 12753 12809 12815 13954 14239 14357 14511 14580 14621 14825 15211 16321 16387 16389 16391 16406 16425 16433 16436 16442 16444 16607 16609 16613 16621 16623 
P: 0 44 577 582 588 600 841 1040 1338 1535 1647 2842 3462 4159 4162 4226 4236 4342 4377 4505 4539 4697 4763 4959 5151 5701 5864 6063 6145 6206 6370 6424 7200 7229 8509 8756 8761 8981 9076 9251 10198 11099 11430 11761 11824 12047 12784 13021 13855 14294 14569 14582 14611 14623 14711 14718 14723 14816 14819 14832 14873 14892 14905 14956 14977 15063 15091 15110 15120 15128 15137 15207 15220 15233 15247 15276 15357 15387 15404 15415 15477 15492 15582 15597 15638 15669 15691 15734 15774 15797 15851 15875 15902 15926 15950 15965 16007 16024 16066 16101 16161 16175 16202 16214 16229 16252 16258 16337 16346 16355 16395 16397 16424 16435 16627 16728 16748 16785 16797 16813 16815 16877 16884 16898 16913 16923 16953 16959 17003 17107 17112 17322 17325 17362 17366 17375 17398 17409 17425 17461 17471 17480 
Q: 1011 1906 1979 2343 3366 3439 3791 4005 4375 5127 6832 7528 7807 7820 8041 8341 8658 9156 9439 9651 10697 11537 12608 12679 12850 14114 
R: 569 590 656 670 711 789 804 956 1870 2061 2434 2627 2946 3093 3139 3474 3584 3645 3688 3892 5070 5223 6344 6669 9562 11040 11395 13290 13326 13331 14613 14799 14820 14891 15970 15995 16329 16331 16381 16441 16443 16445 16988 
S: 471 547 579 595 718 896 989 1228 1608 1666 1691 1832 2471 2822 3523 3751 4102 4285 4725 4739 4993 5971 6935 8304 8805 8955 9849 10392 10957 11311 11741 12328 12974 13283 13359 13498 13567 13684 13705 13809 13852 14144 14329 14427 14542 14547 14618 14666 14684 14692 14810 14884 15077 15114 15157 15170 15178 15325 15378 15530 16017 16224 16384 16437 16629 16806 16937 16948 16989 17034 17058 17100 17198 17240 17314 17357 17368 
T: 11 561 581 601 673 782 1160 1730 1753 2613 3024 3066 3448 3739 3800 3898 4039 4059 5333 6006 6585 8152 9463 10868 11172 11261 11330 11454 12070 12717 13144 13264 13546 13945 14581 14589 14598 14624 14699 14782 14814 14821 14827 14829 14887 15052 15081 15119 15288 15360 15390 15444 15941 16377 16394 16401 16402 16404 16405 16411 16417 16434 16507 16619 16687 16918 16958 16990 17024 17177 17239 17352 17436 17465 
U: 1386 2038 2922 3801 5989 6219 6873 7090 7396 10263 12417 12559 13396 14087 14639 14665 14683 14701 14826 14889 15156 15169 15177 15324 15377 15380 15529 16410 17017 17061 17197 17313 17315 17429 
V: 2136 2551 2734 4824 4928 5679 6036 6094 6465 7297 7546 8139 8706 9127 10487 12612 12829 13198 15783 15839 16861 
W: 340 494 534 14828 16319 16388 16413 16605 16608 16620 17057 17223 17254 17327 17455 17466 
X: 12814 
Y: 29 14763 14823 15254 15462 15738 15887 15909 16030 16069 16105 16148 16375 16378 16399 16418 16430 16706 
[: 574 660 
_: 744 1112 1625 1635 1834 1850 2238 2505 2546 2677 2725 2899 2948 2983 3001 3051 3088 3240 3249 3301 4680 4707 4837 6326 6703 8337 8354 8409 11356 13324 14081 14086 14310 14419 
a: 18 19 20 23 25 35 53 57 60 64 65 78 81 85 86 94 101 104 117 126 141 151 154 163 168 190 193 201 212 232 235 251 264 271 287 292 302 305 317 325 326 329 336 339 352 361 376 386 389 398 403 425 428 435 446 466 469 485 498 505 521 526 536 539 551 559 560 596 602 612 637 642 651 685 703 710 737 743 760 763 769 774 776 788 794 834 836 848 863 921 939 953 958 1005 1016 1033 1037 1045 1050 1066 1075 1079 1103 1132 1146 1150 1156 1158 1167 1188 1192 1194 1217 1218 1221 1258 1262 1278 1283 1285 1295 1303 1306 1318 1325 1333 1339 1340 1348 1353 1356 1358 1390 1421 1436 1443 1460 1476 1496 1502 1540 1544 1547 1563 1585 1590 1619 1673 1677 1680 1686 1707 1716 1724 1726 1740 1741 1742 1755 1774 1790 1795 1798 1804 1817 1836 1837 1857 1867 1871 1872 1878 1895 1899 1913 1919 1937 1946 1951 1970 1983 2000 2003 2007 2010 2018 2037 2051 2057 2060 2078 2089 2129 2148 2159 2198 2199 2209 2215 2226 2245 2250 2262 2274 2277 2285 2301 2335 2351 2360 2368 2388 2398 2419 2436 2439 2441 2456 2483 2491 2515 2522 2552 2559 2569 2577 2580 2611 2616 2630 2646 2651 2707 2709 2729 2740 2751 2773 2784 2818 2824 2844 2850 2858 2859 2896 2907 2918 2947 2953 2957 2967 2996 3006 3011 3020 3042 3047 3083 3091 3095 3105 3137 3151 3153 3156 3162 3183 3188 3191 3196 3227 3231 3237 3244 3252 3267 3274 3278 3295 3311 3320 3328 3340 3364 3378 3385 3393 3396 3409 3452 3478 3485 3498 3502 3511 3547 3559 3564 3566 3578 3592 3629 3637 3649 3655 3670 3698 3715 3738 3742 3752 3755 3758 3759 3773 3792 3797 3816 3819 3824 3829 3846 3855 3874 3881 3889 3936 3942 3947 3957 3966 3982 3990 3997 4012 4020 4031 4044 4065 4066 4097 4101 4109 4113 4119 4129 4158 4171 4195 4198 4199 4204 4211 4217 4246 4248 4251 4254 4260 4268 4279 4300 4306 4317 4326 4327 4348 4353 4355 4356 4362 4367 4390 4406 4416 4444 4453 4458 4460 4461 4477 4489 4502 4508 4512 4525 4528 4568 4576 4586 4589 4600 4626 4629 4633 4645 4703 4709 4736 4741 4759 4761 4765 4790 4812 4814 4817 4833 4834 4835 4844 4855 4877 4880 4921 4924 4939 4943 4944 4949 4960 4961 4963 4975 4980 5006 5007 5009 5013 5016 5017 5023 5039 5048 5053 5063 5065 5088 5139 5154 5171 5177 5185 5206 5212 5215 5217 5219 5222 5224 5262 5273 5280 5290 5293 5296 5297 5306 5314 5332 5335 5376 5382 5389 5395 5397 5408 5422 5440 5468 5471 5475 5477 5478 5507 5527 5530 5534 5535 5548 5555 5561 5562 5565 5576 5579 5584 5590 5616 5629 5634 5659 5661 5672 5676 5687 5689 5695 5704 5708 5723 5724 5728 5738 5750 5756 5762 5765 5777 5795 5799 5804 5809 5817 5829 5832 5847 5857 5879 5880 5928 5938 5941 5983 5985 5990 6000 6001 6008 6009 6028 6044 6049 6062 6066 6069 6095 6098 6103 6115 6118 6153 6158 6161 6183 6194 6202 6214 6218 6240 6247 6254 6277 6301 6310 6316 6335 6339 6350 6354 6378 6382 6384 6411 6412 6415 6431 6436 6438 6446 6475 6478 6488 6494 6504 6505 6520 6521 6537 6543 6549 6578 6588 6590 6593 6597 6632 6637 6646 6647 6663 6673 6713 6738 6747 6755 6763 6768 6795 6800 6802 6810 6817 6822 6829 6834 6840 6841 6859 6902 6916 6932 6973 6982 6994 7011 7014 7030 7032 7036 7050 7068 7082 7086 7093 7095 7097 7102 7103 7108 7112 7127 7130 7159 7175 7189 7203 7206 7208 7270 7293 7313 7318 7330 7345 7364 7369 7371 7376 7377 7383 7386 7428 7435 7439 7446 7450 7454 7455 7459 7471 7476 7480 7485 7501 7512 7525 7530 7543 7550 7555 7574 7575 7580 7589 7596 7617 7621 7630 7663 7667 7706 7747 7751 7764 7780 7784 7788 7800 7819 7825 7828 7834 7837 7841 7847 7853 7856 7864 7865 7868 7870 7874 7890 7906 7927 7938 7966 7969 7982 8009 8019 8020 8044 8055 8060 8064 8085 8094 8106 8126 8136 8141 8148 8168 8174 8191 8192 8215 8231 8238 8250 8256 8286 8295 8297 8302 8307 8318 8330 8345 8362 8363 8371 8378 8382 8394 8395 8403 8406 8407 8440 8447 8452 8461 8483 8517 8530 8533 8553 8596 8619 8626 8636 8647 8662 8682 8689 8722 8726 8733 8738 8788 8797 8823 8849 8856 8861 8869 8891 8905 8909 8915 8917 8920 8923 8939 8950 8959 8965 8971 8980 9017 9021 9041 9051 9061 9062 9068 9124 9125 9152 9157 9168 9179 9193 9197 9209 9227 9230 9243 9257 9260 9264 9271 9290 9297 9311 9316 9317 9318 9319 9320 9334 9351 9366 9372 9373 9378 9396 9406 9407 9418 9446 9492 9501 9521 9537 9573 9636 9642 9645 9648 9656 9676 9687 9691 9693 9704 9709 9717 9722 9723 9725 9731 9739 9741 9744 9751 9752 9773 9796 9801 9826 9827 9830 9836 9840 9843 9874 9883 9894 9911 9931 9951 9964 10000 10017 10021 10031 10033 10049 10054 10056 10064 10069 10071 10094 10097 10106 10112 10113 10114 10116 10119 10122 10127 10129 10138 10156 10171 10189 10210 10221 10223 10266 10276 10281 10295 10330 10348 10365 10366 10449 10480 10545 10548 10549 10560 10566 10592 10594 10612 10661 10676 10686 10703 10709 10727 10735 10757 10766 10784 10787 10819 10824 10827 10843 10845 10852 10857 10875 10886 10889 10896 10900 10909 10915 10917 10942 10948 10954 10970 10993 11001 11009 11011 11012 11015 11027 11058 11072 11090 11095 11131 11136 11138 11167 11169 11175 11182 11191 11203 11218 11226 11231 11258 11270 11306 11315 11321 11323 11333 11336 11337 11342 11353 11375 11381 11393 11398 11405 11421 11435 11438 11448 11457 11462 11475 11478 11495 11533 11538 11551 11562 11564 11622 11624 11636 11648 11651 11657 11664 11669 11700 11706 11711 11713 11724 11736 11738 11764 11788 11792 11795 11798 11817 11819 11828 11836 11842 11850 11862 11864 11867 11878 11896 11898 11905 11914 11917 11936 11964 11967 11982 11985 11989 12012 12060 12062 12063 12075 12076 12080 12082 12089 12097 12103 12120 12129 12130 12136 12143 12156 12168 12176 12192 12209 12216 12227 12228 12258 12261 12283 12303 12341 12343 12372 12382 12384 12396 12400 12402 12405 12407 12433 12487 12492 12524 12545 12564 12575 12576 12592 12619 12626 12641 12647 12650 12653 12672 12699 12706 12710 12727 12729 12731 12733 12759 12762 12763 12787 12793 12794 12797 12798 12802 12807 12821 12827 12835 12866 12875 12880 12888 12889 12892 12895 12898 12908 12910 12934 12940 12947 12956 12957 12960 12963 12982 12996 13028 13054 13059 13079 13080 13094 13102 13112 13117 13123 13129 13130 13133 13135 13142 13145 13157 13158 13166 13177 13185 13192 13193 13197 13221 13230 13252 13265 13282 13302 13311 13336 13348 13352 13353 13360 13373 13401 13407 13443 13449 13477 13481 13482 13487 13496 13525 13526 13533 13544 13554 13564 13571 13575 13589 13601 13604 13628 13639 13641 13657 13660 13666 13674 13680 13691 13695 13703 13714 13731 13734 13735 13751 13755 13758 13776 13787 13788 13790 13800 13812 13831 13844 13856 13858 13860 13863 13867 13876 13878 13887 13889 13898 13905 13912 13917 13935 13936 13967 13969 13981 13982 13986 14000 14003 14006 14043 14051 14054 14070 14091 14099 14101 14106 14108 14111 14122 14165 14171 14194 14203 14204 14220 14225 14227 14234 14247 14252 14265 14276 14291 14309 14318 14320 14326 14346 14369 14415 14465 14491 14548 14562 14564 14599 14600 14601 14619 14625 14635 14664 14678 14687 14706 14709 14721 14726 14729 14750 14770 14773 14780 14786 14788 14790 14850 14853 14855 14863 14867 14876 14882 14890 14901 14916 14918 14919 14920 14926 14930 14935 14937 14939 14944 14949 14953 14966 14970 14974 14976 14981 14985 14994 14998 15011 15021 15031 15033 15036 15042 15051 15053 15054 15076 15082 15083 15102 15103 15108 15130 15142 15149 15159 15171 15173 15183 15201 15203 15204 15209 15226 15243 15250 15263 15274 15296 15298 15312 15314 15321 15333 15339 15355 15370 15373 15384 15394 15400 15408 15411 15414 15426 15435 15437 15451 15452 15453 15456 15458 15468 15486 15490 15505 15523 15526 15533 15539 15543 15545 15552 15555 15580 15585 15595 15612 15622 15623 15624 15642 15653 15677 15680 15686 15689 15706 15723 15727 15742 15747 15757 15767 15773 15778 15804 15806 15815 15817 15821 15824 15828 15845 15854 15863 15866 15874 15890 15898 15911 15934 15939 15956 15986 16001 16003 16012 16014 16020 16032 16036 16040 16059 16073 16079 16086 16089 16091 16094 16095 16096 16108 16112 16116 16120 16123 16127 16135 16151 16156 16170 16174 16187 16192 16207 16220 16232 16244 16262 16275 16287 16294 16302 16349 16350 16354 16361 16363 16370 16450 16465 16471 16478 16495 16522 16528 16549 16560 16567 16572 16633 16650 16658 16665 16668 16670 16684 16692 16696 16707 16710 16717 16718 16724 16733 16736 16737 16738 16740 16745 16754 16757 16763 16768 16784 16789 16792 16796 16800 16802 16809 16839 16852 16857 16862 16870 16873 16880 16890 16907 16909 16915 16921 16928 16932 16939 16941 16946 16951 16965 16980 17008 17020 17030 17041 17043 17053 17068 17077 17082 17085 17088 17097 17103 17116 17124 17138 17150 17154 17166 17188 17192 17201 17204 17207 17212 17217 17249 17257 17277 17278 17287 17295 17297 17302 17317 17333 17334 17336 17337 17339 17348 17379 17390 17396 17403 17412 17419 17422 17424 17431 17446 17453 17470 17492 17502 
b: 6 132 206 367 440 589 613 987 992 999 1362 1365 1388 1418 1505 1557 1633 1656 1674 1692 1752 1783 1801 1955 2043 2073 2113 2155 2192 2205 2223 2235 2305 2386 2406 2508 2553 2671 2744 2755 2944 2975 2978 3033 3034 3054 3100 3608 3802 3836 3888 3911 4165 4242 4278 4280 4821 4828 4873 5091 5094 5195 5329 5340 5346 5366 5560 5573 5618 5936 5994 6013 6035 6079 6106 6320 6483 6490 6559 6631 6661 6757 6808 6828 6866 6963 7049 7089 7307 7462 7592 7636 7681 7796 7883 8180 8197 8360 8833 8858 8895 8960 9072 9075 9175 9202 9359 9391 9454 9522 9753 9763 10169 10234 10282 10386 10557 10595 10684 10749 10823 11008 11039 11114 11275 11424 11431 11575 11609 11665 11696 11730 11920 11972 11990 12031 12107 12235 12276 12327 12463 12792 12799 12992 13068 13081 13320 13435 13506 13560 13610 13671 13675 13761 13767 13795 13899 14008 14035 14102 14231 14277 14299 14463 14475 14573 14592 14607 14612 14636 14649 14732 14784 14843 14938 14987 14988 14989 15027 15039 15044 15045 15046 15080 15117 15197 15230 15264 15340 15350 15521 15617 15627 15634 15655 15748 15953 15973 15998 16039 16048 16200 16226 16269 16276 16312 16314 16476 16672 16682 16829 16844 16985 17016 17038 17049 17075 17143 17151 17298 17386 
c: 22 31 66 72 87 128 131 144 156 165 170 173 189 191 230 263 268 282 363 366 379 391 400 405 408 424 426 464 497 502 516 634 643 655 684 689 742 752 787 802 822 824 830 842 843 847 853 865 875 877 892 900 905 912 916 944 947 963 966 986 994 1006 1044 1088 1106 1108 1120 1122 1130 1138 1144 1155 1159 1210 1239 1243 1250 1266 1291 1314 1328 1330 1341 1395 1437 1440 1459 1463 1466 1477 1495 1530 1567 1605 1617 1672 1685 1696 1728 1735 1756 1761 1791 1813 1862 1891 1896 1947 1956 1962 1972 1992 1999 2002 2011 2014 2017 2047 2056 2088 2121 2125 2158 2160 2183 2224 2234 2259 2309 2331 2391 2427 2431 2446 2465 2519 2526 2532 2582 2592 2596 2631 2639 2679 2727 2748 2749 2765 2776 2806 2817 2827 2838 2854 2862 2874 2877 2915 2926 2928 2933 2968 2970 2973 2995 2997 3005 3007 3012 3029 3046 3102 3110 3116 3126 3129 3146 3158 3192 3198 3226 3230 3251 3253 3269 3279 3282 3298 3305 3307 3321 3325 3339 3382 3386 3397 3424 3435 3447 3453 3469 3480 3482 3486 3499 3500 3519 3520 3542 3590 3609 3612 3621 3640 3657 3668 3669 3685 3696 3708 3714 3718 3728 3741 3750 3761 3778 3820 3835 3840 3842 3851 3871 3872 3875 3880 3907 3922 3925 3955 3961 3967 3970 4017 4030 4046 4050 4052 4055 4064 4075 4076 4089 4103 4104 4117 4132 4148 4157 4209 4269 4292 4304 4308 4321 4345 4376 4379 4417 4422 4429 4434 4451 4501 4513 4517 4527 4544 4578 4585 4591 4603 4610 4640 4654 4666 4667 4672 4677 4684 4700 4701 4724 4730 4778 4849 4887 4906 4932 4965 5014 5025 5028 5049 5077 5095 5104 5108 5109 5122 5126 5143 5146 5155 5199 5200 5209 5225 5234 5242 5251 5269 5304 5308 5311 5330 5336 5341 5348 5385 5396 5406 5415 5497 5514 5537 5572 5574 5596 5610 5612 5623 5624 5635 5644 5663 5667 5673 5686 5705 5736 5745 5772 5783 5792 5836 5853 5898 5912 5920 5927 5947 5992 6004 6022 6031 6054 6067 6077 6121 6128 6139 6146 6150 6154 6185 6216 6220 6235 6245 6255 6260 6270 6294 6299 6300 6337 6357 6372 6387 6401 6407 6413 6414 6427 6449 6499 6507 6518 6529 6530 6567 6587 6591 6604 6638 6643 6685 6693 6710 6764 6792 6793 6820 6833 6862 6877 6914 6926 6943 7042 7053 7058 7077 7080 7114 7126 7128 7131 7135 7166 7170 7178 7182 7220 7262 7265 7278 7287 7329 7352 7389 7390 7422 7424 7488 7534 7552 7561 7593 7611 7624 7669 7707 7723 7732 7738 7748 7752 7759 7768 7782 7787 7815 7844 7860 7863 7884 7885 7887 7889 7894 7903 7921 7932 7952 7954 8027 8037 8058 8093 8099 8112 8157 8245 8294 8311 8319 8323 8329 8383 8405 8412 8465 8490 8507 8512 8514 8528 8542 8585 8598 8615 8640 8648 8679 8697 8713 8714 8719 8723 8752 8753 8765 8814 8838 8847 8870 8875 8881 8886 8911 8924 8929 8946 8961 8990 9005 9029 9037 9050 9081 9090 9131 9139 9143 9173 9177 9187 9190 9219 9222 9261 9274 9281 9284 9314 9322 9333 9358 9360 9394 9412 9415 9468 9474 9479 9488 9491 9499 9514 9552 9561 9570 9588 9598 9601 9609 9616 9633 9635 9637 9681 9686 9708 9736 9740 9775 9777 9785 9786 9831 9834 9862 9870 9871 9886 9893 9908 9922 9932 9936 9941 9953 9957 9968 9980 9991 9993 9994 10001 10008 10011 10026 10028 10067 10081 10088 10120 10128 10141 10143 10146 10157 10165 10172 10176 10237 10240 10247 10270 10279 10288 10291 10298 10312 10326 10340 10343 10351 10364 10368 10375 10378 10413 10415 10430 10439 10445 10447 10460 10504 10519 10538 10559 10561 10568 10575 10586 10631 10640 10665 10677 10688 10692 10694 10701 10702 10706 10707 10719 10733 10737 10748 10790 10813 10839 10849 10866 10887 10892 10894 10916 10946 10974 11003 11021 11031 11043 11060 11062 11093 11121 11129 11140 11141 11142 11184 11194 11198 11199 11219 11268 11269 11279 11293 11318 11367 11371 11394 11401 11404 11414 11416 11451 11466 11481 11484 11486 11509 11525 11527 11556 11573 11577 11582 11587 11598 11631 11649 11650 11659 11675 11680 11683 11694 11720 11726 11735 11748 11768 11804 11827 11829 11847 11849 11865 11870 11912 11933 11947 11953 11957 11963 11984 12032 12051 12104 12124 12127 12132 12155 12169 12174 12177 12224 12225 12248 12251 12253 12256 12259 12266 12289 12310 12314 12323 12340 12371 12374 12379 12387 12403 12443 12444 12453 12467 12472 12488 12494 12512 12520 12560 12583 12596 12642 12649 12651 12659 12685 12692 12698 12707 12708 12740 12743 12769 12771 12778 12796 12808 12823 12824 12832 12842 12860 12861 12865 12873 12874 12907 12917 12920 12980 12997 13006 13017 13029 13030 13034 13042 13043 13072 13077 13083 13088 13092 13109 13119 13121 13155 13199 13201 13203 13219 13222 13247 13249 13260 13273 13279 13300 13321 13345 13349 13350 13358 13371 13386 13405 13411 13447 13480 13486 13511 13536 13543 13549 13553 13556 13632 13633 13663 13676 13704 13727 13732 13765 13786 13832 13836 13885 13964 13972 13980 13985 13994 13996 14009 14016 14023 14041 14065 14076 14080 14089 14126 14129 14135 14156 14182 14186 14249 14274 14279 14314 14333 14401 14403 14433 14437 14480 14498 14507 14667 14676 14677 14690 14708 14720 14736 14749 14752 14756 14774 14807 14865 14947 14954 14971 15059 15069 15088 15131 15132 15135 15148 15182 15189 15194 15212 15237 15255 15257 15284 15289 15302 15311 15315 15318 15326 15331 15342 15347 15365 15367 15374 15412 15441 15455 15464 15504 15516 15520 15522 15536 15561 15608 15615 15629 15650 15679 15696 15740 15749 15771 15807 15816 15822 15829 15862 15871 15880 15889 15894 15929 15937 15999 16080 16099 16125 16149 16169 16235 16240 16250 16254 16272 16283 16288 16303 16306 16307 16311 16369 16463 16524 16545 16565 16636 16645 16726 16756 16776 16805 16834 16841 16874 16886 16894 16904 16934 16970 17066 17072 17074 17089 17117 17127 17142 17180 17182 17187 17189 17208 17236 17238 17247 17256 17261 17300 17304 17323 17330 17345 17349 17350 17377 17385 17414 17423 17432 17444 
d: 9 121 135 138 149 195 262 356 370 373 384 430 496 567 617 621 629 635 636 641 648 653 675 701 702 707 709 716 735 747 753 756 761 779 785 798 809 816 846 849 852 855 858 874 884 887 894 901 904 907 917 928 931 936 945 948 952 964 976 979 996 1009 1017 1028 1060 1070 1074 1095 1111 1125 1133 1143 1147 1148 1165 1174 1193 1198 1207 1213 1265 1268 1281 1282 1288 1300 1307 1315 1335 1349 1352 1359 1378 1389 1398 1399 1420 1422 1429 1450 1462 1479 1482 1486 1494 1499 1523 1529 1538 1542 1566 1575 1580 1588 1600 1611 1614 1621 1624 1626 1634 1642 1644 1646 1648 1650 1653 1655 1657 1663 1665 1668 1670 1678 1682 1688 1690 1693 1703 1713 1720 1750 1757 1769 1770 1773 1780 1799 1816 1843 1844 1849 1851 1856 1858 1885 1889 1892 1902 1907 1910 1911 1918 1926 1930 1939 1941 1965 1969 1973 1987 1993 1998 2006 2012 2019 2028 2035 2039 2065 2068 2069 2087 2097 2099 2104 2126 2127 2134 2145 2156 2180 2181 2184 2191 2194 2197 2219 2233 2247 2255 2261 2275 2278 2283 2288 2292 2298 2310 2314 2315 2336 2353 2359 2363 2381 2385 2422 2449 2469 2472 2484 2485 2494 2498 2506 2510 2518 2527 2529 2535 2544 2554 2571 2588 2594 2599 2602 2643 2672 2676 2680 2683 2715 2726 2733 2736 2760 2777 2789 2797 2798 2805 2808 2840 2847 2861 2870 2875 2885 2889 2914 2923 2925 2929 2931 2937 2964 2969 2972 2998 3022 3052 3065 3070 3071 3074 3076 3077 3096 3123 3127 3136 3149 3154 3167 3171 3174 3177 3201 3206 3210 3219 3239 3245 3263 3270 3290 3297 3308 3319 3338 3349 3354 3357 3362 3379 3380 3383 3398 3413 3420 3437 3441 3456 3460 3461 3465 3472 3476 3484 3489 3506 3508 3516 3550 3560 3577 3581 3593 3594 3595 3600 3651 3663 3671 3686 3703 3717 3735 3753 3780 3781 3789 3794 3795 3799 3807 3809 3811 3815 3823 3826 3830 3843 3848 3879 3882 3883 3891 3896 3906 3914 3915 3916 3932 3933 3939 3945 3950 3963 3965 3974 3984 3986 3988 3993 3996 4000 4003 4023 4041 4069 4072 4073 4078 4087 4091 4096 4099 4105 4115 4118 4121 4122 4125 4130 4141 4146 4151 4163 4173 4177 4184 4187 4188 4193 4203 4212 4213 4221 4232 4241 4256 4258 4262 4265 4274 4282 4295 4315 4332 4335 4351 4352 4359 4368 4381 4412 4423 4425 4428 4430 4450 4455 4470 4478 4487 4499 4504 4523 4526 4536 4538 4541 4549 4553 4554 4559 4581 4588 4609 4619 4623 4660 4662 4671 4674 4676 4679 4681 4690 4705 4718 4721 4751 4754 4755 4783 4787 4795 4800 4819 4823 4851 4856 4861 4883 4886 4888 4896 4898 4900 4902 4907 4927 4945 4951 4952 4956 4964 4967 4972 4977 4982 5019 5041 5044 5051 5055 5057 5092 5097 5103 5105 5115 5117 5133 5134 5142 5147 5184 5214 5218 5243 5250 5258 5263 5265 5309 5312 5325 5342 5356 5360 5364 5393 5418 5437 5445 5448 5470 5479 5486 5495 5506 5529 5532 5568 5570 5582 5583 5587 5604 5613 5621 5625 5628 5636 5639 5651 5652 5657 5664 5677 5698 5710 5713 5721 5739 5749 5752 5763 5766 5771 5827 5859 5884 5887 5889 5895 5903 5908 5925 5926 5959 5979 5988 5991 6002 6012 6015 6017 6026 6030 6032 6039 6047 6050 6051 6061 6081 6087 6107 6110 6116 6126 6129 6131 6138 6143 6165 6168 6190 6205 6213 6215 6236 6239 6242 6246 6256 6274 6279 6287 6296 6314 6324 6327 6345 6349 6358 6374 6376 6388 6394 6396 6410 6448 6451 6453 6461 6471 6480 6485 6495 6503 6514 6546 6561 6564 6566 6569 6574 6579 6581 6583 6600 6615 6619 6640 6653 6654 6679 6706 6717 6721 6723 6727 6729 6743 6750 6752 6756 6759 6765 6780 6785 6791 6797 6801 6805 6890 6894 6930 6940 6941 6958 6959 6990 7012 7024 7033 7046 7048 7054 7065 7088 7091 7106 7132 7144 7154 7155 7160 7167 7174 7177 7186 7196 7266 7268 7306 7335 7341 7350 7361 7373 7379 7398 7401 7407 7410 7417 7444 7445 7448 7451 7453 7456 7460 7464 7467 7477 7496 7515 7522 7542 7556 7562 7563 7568 7571 7578 7582 7583 7586 7598 7608 7627 7647 7650 7655 7703 7718 7740 7746 7763 7766 7767 7770 7773 7809 7812 7816 7822 7832 7849 7859 7861 7876 7882 7888 7909 7917 7922 7933 7958 7961 7968 7978 7984 8001 8014 8018 8029 8045 8051 8075 8079 8096 8103 8121 8123 8133 8161 8169 8210 8216 8220 8221 8236 8246 8248 8255 8266 8273 8284 8289 8290 8300 8308 8309 8312 8314 8315 8339 8347 8357 8359 8364 8367 8393 8408 8421 8434 8435 8438 8443 8458 8478 8481 8484 8497 8498 8499 8510 8511 8519 8522 8536 8540 8544 8545 8547 8548 8554 8555 8568 8583 8586 8595 8621 8624 8634 8637 8638 8644 8671 8672 8673 8680 8681 8690 8692 8698 8701 8748 8770 8777 8778 8789 8790 8800 8808 8829 8831 8843 8854 8903 8913 8926 8933 8944 8962 8966 8967 8986 8992 8995 9001 9004 9006 9012 9015 9020 9040 9043 9053 9057 9060 9064 9071 9097 9115 9132 9135 9153 9158 9163 9166 9176 9189 9191 9195 9215 9232 9240 9244 9253 9259 9262 9266 9268 9277 9280 9285 9287 9299 9304 9309 9312 9323 9327 9337 9346 9348 9352 9353 9367 9370 9382 9393 9400 9405 9408 9422 9453 9457 9460 9461 9480 9498 9507 9509 9515 9523 9532 9543 9550 9555 9556 9568 9575 9579 9580 9582 9584 9592 9599 9622 9623 9658 9667 9670 9679 9685 9689 9702 9706 9711 9716 9747 9782 9789 9791 9797 9799 9800 9806 9809 9820 9823 9850 9863 9867 9896 9897 9906 9912 9915 9925 9933 9939 9956 9958 9961 9962 9978 9997 10002 10005 10006 10012 10016 10032 10038 10041 10045 10050 10057 10073 10082 10093 10102 10107 10117 10134 10142 10147 10161 10177 10181 10183 10194 10202 10208 10228 10230 10274 10284 10323 10335 10338 10344 10355 10360 10391 10396 10402 10412 10424 10425 10435 10438 10443 10457 10468 10474 10476 10486 10492 10508 10515 10517 10521 10522 10551 10555 10580 10589 10590 10600 10601 10602 10603 10616 10622 10623 10625 10627 10635 10647 10652 10656 10669 10673 10679 10693 10696 10705 10714 10716 10718 10721 10739 10746 10751 10769 10773 10785 10786 10799 10803 10804 10806 10809 10814 10828 10832 10842 10846 10850 10858 10860 10864 10881 10895 10901 10905 10928 10930 10935 10939 10944 10945 10952 10961 10964 10967 10984 10987 10991 11014 11028 11034 11037 11041 11046 11053 11055 11066 11070 11080 11082 11086 11089 11092 11096 11108 11117 11128 11145 11148 11152 11185 11197 11205 11210 11212 11215 11225 11236 11243 11259 11260 11267 11274 11281 11284 11288 11292 11299 11301 11307 11335 11343 11347 11355 11366 11370 11376 11389 11415 11422 11427 11429 11440 11444 11453 11459 11464 11469 11471 11498 11502 11507 11515 11536 11543 11546 11552 11555 11568 11581 11589 11591 11601 11604 11608 11612 11625 11626 11642 11644 11646 11660 11661 11663 11670 11690 11709 11731 11739 11740 11745 11750 11780 11783 11790 11800 11825 11861 11875 11880 11885 11889 11904 11911 11921 11925 11938 11942 11945 11954 11987 11999 12000 12003 12011 12018 12027 12052 12068 12085 12092 12095 12105 12106 12108 12131 12145 12150 12161 12172 12179 12185 12186 12234 12245 12252 12269 12275 12281 12293 12304 12308 12346 12355 12359 12360 12389 12391 12412 12422 12429 12435 12438 12440 12446 12448 12455 12461 12469 12474 12480 12482 12493 12501 12505 12510 12522 12556 12567 12578 12584 12591 12610 12611 12613 12614 12631 12655 12677 12714 12722 12735 12742 12747 12775 12800 12817 12826 12834 12847 12849 12852 12882 12884 12903 12914 12925 12932 12935 12941 12952 12958 13012 13014 13020 13026 13036 13046 13056 13057 13061 13063 13069 13097 13105 13127 13131 13136 13153 13169 13180 13182 13184 13187 13210 13229 13235 13241 13243 13250 13276 13285 13291 13296 13297 13304 13312 13323 13325 13329 13344 13364 13370 13379 13387 13393 13414 13428 13439 13444 13463 13469 13485 13489 13534 13538 13563 13592 13630 13672 13697 13711 13733 13737 13744 13748 13773 13793 13805 13807 13811 13851 13874 13879 13881 13884 13886 13895 13901 13907 13921 13926 13931 13937 13943 13946 13951 13953 13957 13959 13963 13965 13995 14027 14036 14048 14069 14075 14103 14118 14124 14125 14130 14142 14178 14183 14189 14200 14208 14212 14216 14217 14224 14237 14248 14257 14278 14284 14286 14287 14295 14301 14315 14317 14323 14328 14356 14361 14364 14380 14402 14407 14411 14414 14421 14426 14438 14473 14483 14496 14576 14656 14679 14710 14747 14776 14792 14797 14839 14846 14933 14952 14983 15060 15089 15153 15166 15180 15190 15192 15195 15303 15341 15343 15345 15348 15438 15443 15497 15501 15524 15613 15664 15697 15699 15714 15743 15770 15869 15873 15901 15921 15958 15977 15980 16021 16052 16057 16078 16090 16128 16134 16141 16159 16173 16184 16239 16247 16284 16295 16297 16298 16309 16332 16353 16362 16368 16449 16451 16458 16516 16568 16571 16631 16634 16648 16651 16678 16746 16764 16774 16780 16794 16822 16853 16933 17010 17071 17114 17125 17137 17145 17162 17190 17224 17227 17243 17258 17280 17282 17292 17294 17308 17331 17351 17353 17397 17438 17477 
e: 12 50 98 102 119 226 228 240 261 283 294 310 312 319 333 337 354 460 462 474 495 517 528 544 546 553 618 620 622 650 654 695 730 736 745 749 750 768 772 796 805 806 819 823 827 833 873 879 888 920 925 930 937 938 955 957 962 1004 1022 1025 1034 1041 1047 1064 1067 1071 1085 1087 1090 1098 1107 1127 1145 1171 1178 1201 1205 1209 1237 1242 1267 1271 1286 1290 1298 1301 1302 1308 1310 1311 1317 1323 1324 1344 1363 1366 1370 1391 1394 1403 1405 1408 1412 1416 1424 1427 1434 1439 1458 1470 1488 1498 1504 1510 1518 1534 1549 1551 1555 1569 1578 1581 1583 1598 1630 1636 1649 1652 1667 1689 1705 1714 1717 1738 1739 1743 1748 1759 1763 1766 1775 1794 1796 1797 1809 1829 1830 1854 1863 1864 1893 1894 1915 1917 1920 1936 1948 1961 1968 1990 2013 2023 2040 2041 2045 2054 2064 2074 2075 2091 2114 2143 2147 2164 2168 2190 2193 2204 2214 2227 2230 2239 2242 2252 2258 2268 2272 2284 2293 2308 2321 2328 2334 2342 2352 2356 2376 2403 2415 2418 2421 2425 2433 2443 2445 2450 2452 2458 2462 2466 2470 2490 2502 2513 2524 2528 2530 2531 2533 2557 2558 2562 2568 2576 2581 2583 2584 2589 2591 2597 2604 2626 2629 2637 2659 2674 2682 2693 2700 2702 2704 2728 2730 2745 2771 2786 2801 2807 2810 2829 2835 2845 2852 2863 2864 2868 2894 2898 2900 2905 2909 2934 2935 2943 2949 2950 2955 2958 2959 2963 3013 3019 3021 3030 3031 3035 3039 3041 3060 3061 3064 3067 3072 3081 3097 3098 3101 3107 3112 3117 3130 3132 3142 3144 3161 3166 3169 3187 3199 3200 3203 3214 3216 3235 3254 3261 3272 3276 3284 3293 3300 3318 3323 3326 3327 3359 3369 3402 3415 3426 3430 3436 3442 3449 3451 3455 3479 3488 3494 3515 3543 3552 3553 3565 3574 3576 3589 3591 3611 3617 3620 3624 3626 3630 3636 3641 3644 3646 3650 3654 3658 3665 3675 3700 3705 3709 3733 3734 3736 3746 3765 3769 3772 3779 3805 3818 3834 3837 3839 3841 3847 3853 3870 3887 3902 3908 3923 3924 3930 3935 3941 3946 3972 3995 4008 4013 4021 4024 4026 4028 4033 4045 4048 4060 4071 4074 4080 4098 4124 4128 4143 4180 4192 4202 4216 4223 4227 4230 4234 4237 4239 4247 4253 4271 4289 4311 4329 4331 4340 4346 4371 4373 4378 4383 4395 4396 4403 4411 4433 4440 4452 4457 4463 4493 4509 4519 4532 4533 4540 4543 4560 4579 4584 4590 4593 4594 4605 4606 4621 4630 4636 4648 4649 4650 4675 4689 4695 4702 4713 4720 4729 4733 4742 4746 4749 4757 4758 4760 4762 4769 4772 4825 4847 4854 4857 4858 4863 4869 4874 4879 4894 4910 4916 4918 4930 4940 4947 4970 4997 4998 5003 5015 5018 5021 5034 5045 5059 5060 5076 5079 5093 5118 5172 5173 5189 5191 5203 5221 5229 5230 5249 5260 5322 5326 5343 5349 5372 5383 5386 5401 5404 5420 5424 5425 5433 5447 5449 5453 5461 5463 5464 5465 5485 5496 5498 5505 5517 5523 5547 5558 5563 5580 5589 5593 5607 5615 5627 5643 5650 5658 5674 5685 5693 5703 5706 5711 5714 5720 5733 5747 5769 5780 5785 5787 5801 5810 5831 5833 5843 5852 5861 5863 5868 5873 5878 5897 5901 5905 5911 5922 5923 5935 5943 5950 5976 5982 6014 6027 6045 6052 6053 6059 6068 6071 6084 6091 6101 6112 6130 6132 6151 6152 6162 6167 6175 6176 6198 6204 6209 6223 6225 6231 6248 6253 6268 6272 6283 6285 6291 6295 6304 6306 6308 6317 6323 6338 6367 6381 6402 6404 6408 6418 6429 6430 6450 6455 6457 6458 6463 6469 6473 6477 6487 6498 6500 6510 6523 6527 6541 6548 6568 6572 6596 6605 6607 6616 6621 6626 6636 6642 6656 6674 6687 6689 6700 6705 6722 6726 6745 6787 6790 6796 6809 6823 6837 6842 6850 6851 6853 6874 6875 6883 6893 6895 6898 6900 6912 6920 6925 6944 6952 6962 6966 6967 6968 6970 6988 6992 7001 7017 7018 7026 7038 7063 7064 7066 7067 7072 7079 7084 7099 7105 7107 7110 7125 7136 7151 7171 7180 7183 7205 7232 7240 7243 7245 7249 7261 7269 7289 7292 7303 7304 7312 7367 7370 7382 7400 7405 7425 7431 7438 7440 7463 7475 7479 7487 7493 7498 7500 7535 7539 7554 7559 7570 7577 7585 7594 7603 7604 7610 7615 7623 7632 7633 7635 7660 7673 7684 7695 7699 7702 7709 7714 7715 7722 7728 7733 7737 7739 7741 7742 7757 7765 7779 7783 7811 7827 7835 7838 7839 7845 7855 7896 7900 7911 7914 7915 7942 7957 7965 7967 7975 7981 7989 7990 7995 8007 8010 8011 8053 8062 8068 8109 8144 8145 8146 8156 8164 8165 8166 8172 8173 8175 8179 8195 8208 8214 8232 8276 8287 8292 8293 8324 8327 8338 8350 8352 8355 8365 8372 8401 8418 8427 8431 8432 8445 8446 8457 8473 8487 8491 8492 8524 8525 8529 8549 8550 8559 8572 8588 8597 8601 8603 8606 8610 8617 8639 8642 8655 8660 8670 8705 8707 8724 8729 8754 8764 8766 8769 8772 8775 8786 8799 8816 8818 8832 8846 8852 8866 8873 8882 8889 8893 8896 8906 8918 8928 8930 8931 8945 8951 8991 9014 9033 9042 9046 9054 9105 9112 9130 9164 9171 9178 9181 9194 9203 9218 9229 9234 9245 9282 9293 9326 9342 9355 9356 9369 9377 9386 9402 9410 9424 9429 9430 9445 9448 9450 9464 9471 9473 9475 9476 9486 9487 9495 9500 9503 9512 9531 9535 9548 9554 9566 9586 9597 9600 9603 9608 9621 9627 9638 9660 9664 9677 9692 9696 9705 9715 9726 9729 9733 9749 9754 9756 9759 9768 9776 9778 9779 9792 9793 9804 9805 9825 9828 9835 9861 9873 9877 9887 9892 9899 9909 9924 9930 9947 9954 9966 9975 9990 9992 10025 10027 10035 10047 10052 10059 10063 10077 10078 10080 10104 10105 10109 10121 10131 10168 10173 10187 10190 10196 10203 10217 10233 10242 10248 10254 10257 10273 10283 10294 10305 10322 10325 10341 10342 10354 10358 10359 10399 10407 10411 10423 10429 10472 10483 10488 10502 10518 10531 10558 10572 10587 10630 10632 10642 10643 10646 10654 10662 10695 10699 10708 10724 10726 10779 10807 10808 10811 10826 10835 10844 10854 10880 10888 10898 10903 10907 10925 10941 10947 10977 10986 10989 10990 11020 11030 11048 11049 11056 11063 11074 11084 11091 11098 11100 11106 11115 11122 11124 11133 11137 11157 11189 11193 11195 11202 11217 11222 11233 11235 11248 11266 11277 11283 11303 11304 11305 11312 11328 11338 11349 11359 11385 11397 11410 11432 11436 11446 11450 11455 11489 11496 11499 11504 11514 11522 11530 11535 11554 11560 11571 11583 11595 11597 11633 11654 11662 11684 11714 11727 11742 11774 11776 11786 11796 11805 11814 11820 11823 11833 11845 11858 11863 11866 11872 11877 11888 11900 11901 11909 11922 11928 11930 11958 11961 11970 11976 12001 12004 12013 12016 12034 12046 12048 12053 12064 12065 12066 12071 12073 12109 12125 12133 12151 12160 12184 12199 12203 12214 12220 12233 12240 12247 12255 12268 12280 12295 12322 12325 12352 12357 12358 12367 12369 12370 12377 12385 12404 12409 12413 12416 12419 12428 12431 12445 12451 12477 12486 12496 12499 12526 12527 12531 12533 12540 12553 12563 12569 12589 12597 12602 12624 12628 12635 12644 12652 12658 12662 12674 12697 12703 12730 12736 12744 12749 12764 12774 12777 12805 12825 12837 12862 12863 12869 12891 12922 12926 12930 12942 12961 12969 12981 13009 13022 13024 13027 13037 13039 13065 13067 13073 13082 13085 13086 13093 13101 13115 13124 13134 13141 13143 13154 13160 13204 13226 13237 13242 13262 13268 13287 13294 13317 13319 13330 13346 13354 13355 13372 13391 13392 13399 13400 13412 13421 13427 13430 13434 13445 13454 13474 13483 13484 13505 13507 13509 13520 13524 13535 13552 13581 13586 13590 13594 13636 13651 13662 13677 13702 13713 13724 13725 13730 13741 13747 13757 13763 13764 13777 13783 13785 13794 13810 13819 13826 13829 13847 13862 13870 13871 13877 13910 13925 13928 13933 13971 13974 13997 14001 14005 14012 14018 14019 14039 14042 14055 14072 14077 14092 14098 14121 14123 14133 14139 14148 14170 14176 14187 14195 14198 14202 14223 14241 14243 14250 14258 14269 14271 14273 14282 14300 14348 14358 14363 14372 14395 14399 14404 14408 14425 14457 14461 14467 14469 14478 14497 14500 14504 14505 14506 14640 14647 14658 14713 14739 14755 14762 14767 14798 14806 14841 14894 14907 14958 14979 15004 15037 15065 15067 15093 15112 15139 15228 15256 15445 15483 15494 15562 15599 15703 15710 15810 15820 15904 15979 16049 16131 16177 16233 16234 16236 16257 16260 16286 16316 16357 16371 16454 16480 16506 16510 16519 16535 16539 16556 16641 16720 16730 16750 16758 16824 16843 16847 16881 16931 16969 16983 17014 17042 17156 17159 17172 17209 17364 17382 17400 17411 17418 17442 17449 17491 17498 17504 
f: 14 67 88 129 178 179 200 203 218 233 248 249 255 306 309 364 413 414 434 437 452 467 482 483 489 540 543 605 608 626 632 639 647 818 845 850 869 891 913 922 977 981 1008 1018 1043 1054 1078 1097 1099 1117 1136 1208 1229 1230 1232 1235 1241 1270 1273 1277 1334 1351 1361 1404 1406 1409 1455 1461 1469 1492 1507 1552 1602 1641 1712 1715 1744 1746 1777 1778 1811 1818 1888 1922 1967 1974 2001 2005 2098 2174 2229 2249 2267 2291 2320 2330 2371 2401 2409 2414 2448 2455 2497 2706 2757 2762 2778 2788 2804 2821 2843 2910 2924 2945 2960 2976 3085 3092 3103 3114 3133 3185 3211 3222 3238 3314 3336 3348 3370 3416 3467 3527 3531 3556 3613 3616 3623 3642 3673 3689 3720 3747 3776 3804 3869 3948 3978 3992 4029 4034 4111 4154 4238 4312 4414 4469 4480 4580 4607 4616 4638 4639 4685 4696 4722 4764 4809 4826 4845 4852 5080 5099 5164 5179 5323 5324 5357 5377 5427 5446 5503 5525 5531 5586 5595 5620 5646 5681 5688 5702 5822 5900 5902 5957 5975 5998 6019 6046 6048 6064 6074 6089 6093 6148 6166 6179 6224 6332 6340 6366 6403 6440 6447 6452 6524 6557 6560 6639 6662 6730 6734 6769 6784 6788 6806 6827 6861 7057 7256 7311 7337 7395 7447 7468 7473 7486 7506 7558 7606 7619 7651 7656 7735 7762 7775 7792 7799 7802 7852 7908 8013 8048 8057 8118 8151 8153 8171 8181 8234 8254 8275 8373 8387 8425 8475 8503 8521 8573 8630 8657 8730 8804 8845 8897 8916 8925 9044 9052 9094 9291 9313 9380 9444 9477 9497 9536 9644 9674 9735 9757 9783 9790 9807 9854 9875 9916 9920 9945 9981 10004 10009 10024 10060 10108 10123 10159 10180 10182 10199 10207 10231 10262 10371 10397 10421 10465 10478 10514 10526 10533 10795 10825 10834 10959 10985 10992 10998 11007 11010 11013 11024 11081 11085 11111 11127 11158 11224 11310 11314 11392 11411 11437 11449 11488 11512 11532 11599 11687 11743 11758 11762 11770 11822 11834 11840 11879 11902 11937 11955 11974 11981 11994 12041 12054 12083 12114 12153 12194 12231 12241 12296 12324 12338 12376 12418 12427 12478 12507 12577 12606 12637 12678 12682 12752 12761 12773 12781 12804 12878 12886 12896 12918 12929 12977 12993 13150 13172 13181 13205 13218 13236 13272 13288 13403 13461 13478 13510 13518 13569 13579 13583 13585 13593 13685 13712 13749 13756 13778 13791 13802 13843 13916 13918 13968 13989 14058 14117 14120 14132 14134 14179 14191 14280 14322 14342 14360 14424 14440 14462 14484 14490 14519 14521 14555 14557 14590 14602 14605 14608 14628 14631 14654 14695 14737 14751 14768 14838 14879 14967 14968 15000 15010 15013 15055 15072 15097 15106 15107 15188 15225 15231 15244 15271 15275 15391 15403 15447 15498 15534 15574 15587 15641 15652 15668 15673 15678 15718 15730 15755 15762 15779 15787 15808 15843 15846 15850 15864 15865 15892 15893 15913 15922 15942 15978 16033 16065 16113 16119 16157 16158 16171 16189 16199 16222 16325 16367 16374 16474 16488 16577 16580 16585 16594 16655 16753 16761 16767 16771 16821 16827 16854 16863 16889 16891 16911 16912 16916 16994 17013 17018 17076 17144 17149 17214 17248 17262 17281 17310 17329 17387 17392 17415 17463 
g: 33 95 142 143 155 172 236 242 314 330 377 378 390 407 470 476 548 610 638 973 1115 1554 1584 1687 1725 2384 2794 3082 3148 3372 3680 3683 3808 3876 4259 4273 4276 4566 4670 4976 5371 5633 5731 5735 5860 5972 6005 6292 6571 6622 6681 6720 6816 7120 7646 7717 7785 7872 8095 8593 8885 9063 9455 9683 9721 9977 9989 10068 10084 10398 10406 10453 10481 11358 11377 11426 11672 11716 11760 11979 12330 12430 12432 12452 12590 12757 12916 13196 13278 13377 13514 13626 13688 13743 13754 13913 14316 14379 14633 14789 15299 15466 15918 16180 16547 16879 16892 16917 16981 17099 17296 
h: 107 133 146 157 224 297 342 368 381 392 458 531 603 683 694 706 722 727 766 801 811 820 828 1058 1163 1259 1545 1669 1785 1901 1932 1978 2025 2049 2169 2213 2295 2429 2633 2691 2732 3529 3775 3782 3858 3866 4063 4068 4160 4219 4344 4380 4388 4421 4862 4868 4897 5037 5114 5228 5469 5501 5542 5641 5757 5850 5997 6023 6096 6261 6343 6355 6393 6479 6484 6695 6714 6905 6980 7111 7173 7216 7279 7418 7423 7639 7674 7676 7873 8244 8296 8534 8700 8759 8774 8815 8884 8914 9023 9070 9083 9150 9254 9267 9269 9388 9426 9510 9519 9529 9534 9585 9615 9770 9784 9795 9869 10163 10215 10219 10256 10393 10530 10681 10710 10770 10805 10934 11029 11083 11149 11161 11240 11295 11439 11441 11521 11658 11688 11723 11734 11818 11854 11876 12023 12094 12207 12317 12345 12393 12424 12539 12542 12544 12558 12654 12664 12676 12813 12818 12836 12876 12924 13060 13245 13381 13471 13531 13565 13883 14022 14163 14244 14347 14383 14390 14392 14416 14610 14626 14913 15104 15214 15382 15517 15609 15630 15651 15761 15954 15955 16711 16752 16849 16929 16935 17232 17266 17394 17458 17474 17485 17487 17493 17501 
i: 13 32 34 38 47 93 108 113 130 145 150 152 169 211 215 216 229 245 246 257 296 328 343 348 365 380 385 387 404 445 449 450 463 479 480 491 530 609 734 783 817 835 864 934 1046 1049 1084 1168 1180 1197 1227 1313 1326 1331 1382 1433 1511 1519 1565 1731 1764 1822 1881 1940 1953 2021 2029 2080 2208 2211 2394 2416 2474 2477 2565 2572 2612 2641 2721 2738 2825 2839 2904 2913 2956 2965 2979 3009 3016 3057 3120 3163 3179 3195 3241 3286 3291 3353 3422 3429 3493 3533 3677 3713 3725 3959 3987 4006 4047 4081 4275 4288 4374 4408 4436 4442 4446 4474 4482 4598 4615 4618 4647 4664 4735 4738 5082 5141 5245 5277 5284 5319 5493 5504 5533 5585 5603 5684 5696 5732 5754 5876 5886 5910 5940 5966 6038 6122 6155 6172 6174 6197 6278 6333 6352 6398 6522 6545 6547 6551 6552 6690 6731 6753 6770 6772 6775 6819 6839 6888 6904 7000 7027 7153 7192 7199 7231 7320 7347 7348 7416 7436 7484 7519 7597 7640 7683 7688 7724 7897 7986 7993 8052 8061 8104 8128 8205 8226 8257 8332 8369 8397 8470 8472 8562 8565 8659 8757 8824 8855 8957 8972 9026 9111 9119 9167 9214 9294 9308 9331 9441 9465 9750 9816 9822 9839 9848 9866 9888 9986 10023 10034 10089 10236 10278 10300 10308 10310 10377 10462 10494 10639 10641 10667 10675 10704 10789 10810 10821 10862 10871 10908 10912 10918 11045 11065 11077 11088 11171 11177 11192 11209 11237 11291 11329 11334 11369 11501 11518 11565 11600 11640 11656 11789 11803 11807 11860 11897 11903 11908 11941 11951 11971 11977 12006 12115 12119 12137 12201 12217 12307 12331 12353 12368 12395 12475 12534 12595 12618 12623 12625 12855 12868 12962 13025 13098 13103 13214 13220 13224 13277 13335 13580 13608 13615 13648 13682 13715 13736 13850 13929 13939 13973 14173 14177 14305 14388 14428 14486 14493 14609 14632 14668 14680 14681 14696 14725 14734 14760 14800 14854 14910 14927 14960 15014 15020 15032 15095 15133 15144 15146 15150 15154 15160 15162 15163 15167 15175 15236 15268 15273 15282 15309 15313 15332 15372 15399 15434 15436 15446 15465 15467 15471 15480 15491 15496 15507 15509 15510 15527 15588 15596 15601 15626 15719 15726 15746 15756 15764 15777 15789 15835 15836 15848 15856 15943 16016 16045 16085 16107 16126 16129 16133 16190 16197 16223 16238 16249 16280 16281 16291 16293 16333 16372 16452 16461 16475 16525 16541 16557 16566 16574 16595 16600 16637 16656 16673 16688 16709 16732 16759 16766 16817 16826 16835 16856 16944 16964 16996 16998 17028 17039 17051 17073 17090 17129 17132 17146 17157 17168 17179 17191 17205 17228 17283 17338 17344 17427 17434 17435 17443 17468 17469 17473 
j: 205 439 878 1548 2103 2144 2723 2869 3909 3918 4401 4441 4473 4592 4608 4704 4973 4978 5058 5156 5161 5257 5411 5538 6100 6528 6948 7039 7634 7641 7795 7862 8000 8087 8501 8651 9653 9714 10463 10541 11134 11813 11848 12112 12420 12599 13365 13433 
k: 323 557 15245 15265 17218 17273 17441 
l: 181 198 254 416 432 488 649 652 687 757 840 851 890 895 972 1061 1212 1275 1292 1350 1355 1527 1577 1701 1898 1984 1997 2027 2109 2162 2317 2346 2365 2504 2511 2550 2638 2656 2796 2920 2930 3015 3050 3109 3141 3202 3236 3243 3262 3302 3312 3352 3363 3401 3410 3457 3491 3568 3573 3729 3790 3838 3937 3944 3971 4038 4058 4131 4167 4314 4459 4597 4627 4810 4836 5040 5148 5157 5163 5233 5351 5362 5509 5597 5614 5851 5855 5929 5954 5962 5969 5981 6073 6125 6137 6164 6273 6275 6298 6368 6395 6460 6580 6716 6736 6767 6854 6951 6995 7076 7101 7138 7169 7225 7242 7267 7331 7333 7351 7363 7378 7394 7399 7420 7427 7478 7481 7548 7576 7579 7691 7693 7761 7875 7913 7916 7919 7983 7985 8017 8026 8081 8108 8114 8182 8259 8570 8663 8780 8888 8902 8979 8994 9134 9159 9186 9212 9231 9258 9362 9539 9712 9923 10055 10144 10154 10311 10318 10337 10459 10469 10490 10501 10535 10591 10731 10772 10869 10923 10973 11026 11050 11204 11289 11317 11354 11391 11476 11563 11698 11771 11772 11799 11932 12002 12084 12111 12182 12222 12239 12298 12347 12363 12439 12450 12468 12668 12688 12719 12725 12746 12783 12791 12795 12864 13114 13208 13231 13258 13267 13334 13362 13374 13388 13458 13467 13500 13516 13638 13653 13665 13729 13804 13958 14031 14074 14088 14093 14138 14185 14222 14246 14394 14423 14477 14501 14545 14550 14705 14805 14925 15084 15174 15202 15290 15297 15308 15328 15395 15635 15724 15987 16278 16364 16373 16526 16558 16587 16643 16653 16661 16680 16686 16755 16760 16860 16919 16974 17019 17023 17029 17047 17052 17067 17139 17185 17229 17316 17380 17404 
m: 5 30 110 125 192 270 272 274 288 290 345 360 427 504 506 508 522 524 563 611 640 690 700 724 729 733 738 751 762 778 792 803 825 829 839 854 872 883 910 942 951 954 961 969 975 991 1001 1003 1013 1020 1030 1032 1039 1053 1063 1069 1072 1076 1080 1083 1104 1157 1169 1175 1182 1190 1195 1214 1215 1219 1246 1249 1251 1272 1284 1299 1316 1320 1322 1336 1369 1387 1411 1415 1435 1444 1453 1481 1485 1497 1514 1528 1541 1570 1576 1591 1595 1604 1610 1613 1654 1679 1681 1708 1768 1772 1782 1808 1835 1838 1845 1848 1859 1868 1876 1886 1912 1938 1952 1959 1976 2016 2053 2058 2070 2072 2086 2105 2112 2120 2128 2130 2135 2146 2165 2172 2175 2201 2203 2206 2246 2260 2279 2280 2296 2307 2325 2329 2337 2338 2349 2405 2408 2451 2454 2457 2476 2488 2520 2523 2538 2555 2570 2579 2586 2587 2608 2610 2615 2619 2647 2649 2653 2667 2681 2688 2710 2743 2752 2754 2758 2761 2774 2783 2785 2792 2866 2884 2912 2916 2919 2932 2962 3004 3008 3023 3028 3038 3048 3059 3062 3069 3079 3084 3089 3108 3113 3118 3165 3189 3207 3209 3229 3289 3310 3329 3335 3355 3361 3368 3394 3404 3438 3443 3459 3471 3507 3509 3510 3513 3524 3534 3541 3567 3570 3606 3618 3635 3652 3681 3695 3697 3707 3712 3716 3727 3743 3745 3749 3756 3788 3798 3803 3814 3859 3862 3865 3886 3890 3919 3934 3958 3969 3983 3991 3998 4009 4015 4019 4035 4042 4043 4054 4057 4062 4067 4077 4085 4086 4095 4108 4112 4114 4136 4170 4201 4229 4255 4257 4266 4283 4293 4297 4309 4330 4336 4354 4360 4364 4366 4393 4397 4400 4405 4413 4456 4483 4485 4494 4507 4511 4546 4561 4565 4577 4642 4658 4687 4717 4732 4737 4748 4753 4771 4774 4785 4794 4808 4813 4822 4830 4840 4846 4848 4860 4890 4911 4925 4937 4957 4979 4984 5024 5030 5033 5036 5085 5121 5128 5138 5153 5166 5178 5181 5186 5192 5194 5202 5211 5227 5236 5259 5264 5268 5272 5291 5310 5315 5318 5365 5375 5381 5390 5392 5413 5429 5439 5442 5487 5516 5541 5550 5557 5575 5588 5605 5619 5670 5682 5691 5715 5719 5764 5779 5796 5806 5816 5819 5821 5823 5826 5858 5865 5866 5870 5885 5894 5909 5937 5939 5977 6056 6070 6099 6120 6184 6187 6193 6201 6211 6237 6286 6329 6336 6351 6365 6379 6385 6409 6416 6432 6435 6439 6470 6474 6481 6489 6493 6502 6513 6515 6516 6517 6519 6536 6538 6544 6550 6563 6575 6582 6586 6594 6610 6625 6635 6650 6651 6652 6655 6672 6688 6699 6707 6715 6719 6749 6766 6777 6786 6799 6813 6814 6818 6830 6831 6838 6845 6848 6857 6860 6869 6885 6886 6931 6942 6946 6955 6960 6974 6985 6991 7004 7023 7029 7034 7037 7060 7087 7094 7098 7109 7118 7133 7134 7149 7150 7161 7163 7164 7168 7187 7195 7227 7237 7238 7253 7255 7277 7305 7308 7310 7323 7325 7328 7343 7346 7380 7381 7393 7404 7432 7452 7457 7461 7465 7483 7505 7527 7531 7536 7540 7549 7553 7557 7567 7591 7595 7605 7609 7613 7628 7648 7652 7657 7661 7678 7704 7705 7713 7726 7749 7794 7806 7817 7818 7836 7866 7893 7899 7905 7924 7928 7935 7944 7959 7960 7964 8002 8004 8016 8022 8025 8033 8082 8086 8091 8101 8117 8120 8127 8129 8130 8140 8150 8155 8160 8186 8230 8243 8249 8260 8277 8298 8306 8310 8313 8316 8340 8348 8368 8370 8386 8392 8399 8400 8414 8417 8430 8439 8449 8453 8459 8462 8464 8468 8500 8532 8541 8564 8591 8594 8600 8602 8616 8620 8625 8633 8635 8654 8669 8677 8693 8704 8709 8712 8718 8721 8728 8732 8736 8740 8749 8779 8794 8807 8817 8822 8859 8878 8880 8883 8894 8898 8901 8908 8935 8942 8952 8964 8987 8993 8996 9008 9032 9038 9047 9078 9084 9093 9145 9185 9221 9224 9228 9233 9238 9286 9350 9364 9368 9371 9435 9440 9443 9447 9458 9466 9470 9490 9494 9505 9526 9541 9551 9571 9605 9617 9652 9659 9666 9690 9710 9737 9742 9746 9838 9844 9878 9882 9889 9918 9934 9959 9979 10007 10058 10092 10100 10149 10204 10206 10212 10224 10232 10235 10241 10244 10259 10268 10287 10296 10327 10333 10339 10347 10372 10374 10395 10409 10420 10432 10448 10456 10497 10498 10510 10537 10554 10565 10584 10593 10599 10611 10614 10634 10649 10651 10660 10668 10674 10698 10741 10754 10765 10767 10775 10777 10783 10788 10800 10837 10867 10874 10877 10878 10914 10921 10966 10976 10983 11032 11038 11047 11069 11075 11097 11104 11120 11123 11166 11170 11173 11183 11188 11211 11213 11214 11234 11253 11254 11264 11273 11276 11280 11285 11290 11298 11325 11332 11345 11348 11360 11374 11379 11388 11403 11445 11452 11480 11493 11506 11523 11539 11550 11580 11590 11594 11607 11617 11619 11635 11637 11710 11719 11728 11749 11794 11801 11812 11846 11868 11894 11907 11910 11918 11926 11929 11946 11949 11956 11968 11997 12015 12050 12079 12086 12116 12118 12123 12142 12171 12181 12211 12250 12265 12274 12334 12337 12342 12349 12366 12415 12460 12473 12508 12518 12529 12541 12551 12565 12566 12572 12579 12587 12601 12607 12622 12629 12657 12680 12684 12690 12691 12696 12700 12766 12767 12785 12801 12819 12831 12839 12845 12854 12867 12871 12900 12902 12906 12913 12923 12928 12939 12970 12979 12991 12999 13004 13035 13045 13049 13075 13084 13090 13099 13111 13122 13126 13137 13147 13152 13173 13217 13233 13255 13266 13270 13281 13284 13293 13298 13310 13316 13339 13376 13402 13417 13453 13472 13479 13492 13499 13501 13503 13523 13527 13530 13547 13574 13582 13587 13602 13616 13624 13625 13631 13640 13664 13681 13707 13717 13770 13781 13789 13799 13808 13827 13840 13841 13880 13892 13915 13932 13941 14020 14029 14082 14137 14147 14154 14160 14184 14207 14210 14214 14221 14238 14253 14263 14272 14298 14308 14311 14321 14327 14345 14351 14376 14377 14385 14391 14405 14431 14439 14452 14460 14468 14474 14492 14527 14530 14572 14634 14659 14730 14764 14783 14785 14791 14834 14946 14996 15025 15062 15222 15310 15362 15407 15463 15560 15614 15739 15750 15803 15818 15825 15847 15888 15932 15972 16000 16037 16070 16088 16117 16194 16264 16268 16271 16301 16469 16497 16499 16502 16518 16544 16570 16675 16677 16790 16838 16920 17130 17147 17170 17210 17213 17216 17268 17301 17332 17460 17476 
n: 21 26 103 166 199 265 322 338 401 433 499 556 624 696 728 741 758 790 815 926 927 940 950 990 1014 1019 1119 1129 1166 1203 1263 1280 1289 1367 1371 1375 1392 1524 1532 1550 1629 1631 1640 1779 1792 1803 1847 1900 1903 1928 1949 1981 1996 2055 2096 2111 2119 2177 2202 2240 2269 2294 2324 2327 2340 2348 2383 2392 2397 2400 2404 2432 2440 2467 2503 2512 2575 2622 2665 2670 2673 2694 2705 2722 2759 2769 2779 2795 2803 2820 2883 2940 2961 3002 3121 3170 3225 3255 3324 3332 3376 3384 3387 3389 3434 3458 3464 3475 3512 3518 3549 3583 3585 3706 3774 3831 3861 3895 3897 3940 3968 3973 4022 4036 4138 4140 4166 4215 4235 4281 4303 4357 4385 4387 4392 4426 4464 4488 4497 4531 4537 4542 4573 4651 4688 4708 4716 4768 4881 4884 4903 4934 4983 4991 5008 5068 5075 5120 5129 5131 5137 5150 5169 5174 5197 5213 5226 5282 5288 5307 5398 5410 5431 5443 5515 5553 5566 5599 5746 5755 5774 5778 5812 5835 5960 5974 5993 6018 6021 6108 6141 6144 6160 6171 6181 6203 6228 6230 6238 6262 6269 6293 6321 6371 6373 6391 6426 6496 6562 6613 6648 6657 6660 6671 6678 6680 6744 6760 6762 6855 6881 6892 6939 6945 6953 6954 6971 7005 7015 7019 7028 7056 7140 7148 7191 7193 7204 7212 7224 7257 7258 7259 7274 7286 7315 7317 7321 7326 7372 7421 7513 7523 7545 7564 7566 7573 7587 7643 7665 7772 7798 7867 7877 7892 7920 7956 7971 7976 8024 8042 8072 8090 8100 8102 8110 8134 8143 8162 8188 8285 8303 8322 8336 8353 8389 8398 8413 8416 8419 8433 8455 8463 8480 8485 8520 8560 8566 8612 8614 8666 8744 8767 8783 8826 8853 8970 8978 9007 9019 9022 9025 9225 9248 9255 9272 9298 9306 9330 9332 9338 9339 9354 9379 9387 9431 9433 9436 9469 9478 9489 9496 9530 9576 9649 9662 9761 9774 9842 9900 10003 10051 10083 10095 10111 10132 10188 10205 10267 10289 10315 10317 10331 10332 10336 10356 10357 10370 10373 10389 10410 10428 10431 10441 10444 10467 10485 10506 10513 10520 10550 10608 10629 10633 10663 10712 10764 10782 10812 10815 10840 10851 10906 10924 10943 10950 10971 11018 11025 11067 11068 11126 11130 11146 11151 11201 11242 11250 11286 11294 11316 11341 11350 11351 11362 11363 11383 11386 11420 11460 11479 11513 11520 11569 11588 11593 11606 11630 11671 11676 11707 11737 11753 11757 11765 11769 11782 11874 11881 11931 12009 12020 12024 12042 12049 12058 12061 12077 12117 12138 12157 12166 12202 12208 12223 12236 12254 12262 12264 12285 12291 12332 12408 12423 12466 12491 12498 12500 12528 12600 12627 12663 12701 12728 12739 12782 12812 12931 12945 12964 12988 12998 13003 13010 13044 13108 13110 13125 13162 13178 13194 13211 13227 13289 13295 13305 13314 13338 13394 13410 13422 13432 13459 13578 13598 13673 13689 13694 13716 13740 13822 13828 13849 13868 13872 13875 13894 13896 13902 13938 13947 13962 13976 13992 13993 13999 14013 14025 14053 14064 14068 14071 14084 14112 14115 14150 14151 14159 14161 14174 14175 14233 14256 14260 14292 14319 14336 14341 14396 14435 14441 14451 14479 14489 14526 14529 14593 14661 14731 14748 14769 14934 14984 15181 15249 15363 15454 15459 15503 15506 15661 15695 15752 15805 15861 16043 16058 16277 16632 16698 16840 16872 16966 16997 17046 17134 17202 17225 17233 17259 17267 17275 17340 17405 17433 17439 17440 17490 17499 17503 
o: 3 17 36 42 51 52 100 111 115 180 182 222 243 244 266 275 279 291 295 299 304 315 335 346 350 415 417 456 477 478 500 509 513 525 529 533 538 549 644 645 714 715 721 723 731 732 765 793 795 808 821 831 832 838 844 859 866 871 880 899 906 918 960 965 968 982 993 998 1056 1062 1101 1126 1140 1151 1179 1186 1238 1253 1294 1321 1343 1401 1413 1428 1483 1489 1506 1513 1516 1539 1589 1599 1623 1627 1661 1664 1699 1711 1723 1814 1815 1819 1824 1827 1846 1861 1873 1877 1890 1925 1929 1943 1950 2009 2033 2082 2139 2176 2281 2287 2322 2357 2367 2374 2379 2390 2453 2463 2480 2496 2573 2609 2614 2624 2640 2669 2701 2713 2716 2747 2756 2764 2781 2787 2834 2837 2887 2906 2951 2954 2974 2985 2992 2993 3044 3049 3134 3147 3205 3221 3258 3259 3264 3265 3304 3306 3333 3346 3350 3399 3446 3504 3521 3525 3535 3546 3571 3603 3634 3638 3682 3694 3724 3731 3740 3767 3793 3810 3812 3844 3852 3856 3878 3884 3910 3926 3960 4001 4010 4053 4061 4084 4107 4116 4134 4149 4220 4272 4290 4320 4328 4334 4350 4404 4424 4443 4445 4466 4506 4555 4556 4564 4569 4613 4663 4683 4728 4747 4770 4773 4780 4798 4832 4838 4841 4865 4878 4895 4920 4987 5011 5029 5062 5083 5087 5098 5101 5167 5170 5208 5253 5295 5345 5358 5384 5387 5434 5438 5441 5451 5459 5540 5544 5554 5556 5591 5669 5743 5788 5791 5849 5854 5891 5916 5944 5949 5967 5973 5980 5986 5996 6029 6042 6075 6076 6156 6159 6210 6234 6289 6325 6342 6356 6362 6434 6443 6467 6501 6531 6534 6535 6539 6589 6602 6624 6641 6691 6711 6712 6748 6783 6807 6844 6872 6907 6937 6956 6957 6961 6979 6999 7003 7013 7021 7100 7181 7194 7226 7234 7235 7241 7247 7250 7263 7264 7295 7336 7340 7355 7368 7387 7392 7403 7412 7413 7441 7458 7490 7494 7520 7599 7645 7670 7712 7769 7778 7840 7857 7901 7963 7972 7977 7987 8063 8077 8113 8116 8124 8131 8154 8159 8177 8211 8235 8282 8317 8320 8321 8325 8361 8384 8423 8441 8496 8504 8515 8516 8531 8581 8592 8599 8678 8684 8717 8768 8796 8806 8821 8836 8841 8842 8871 8899 8900 8904 8973 8976 8977 8988 8998 8999 9013 9018 9024 9055 9065 9069 9079 9088 9089 9096 9123 9136 9141 9144 9165 9188 9220 9242 9246 9270 9275 9283 9296 9302 9349 9363 9376 9416 9442 9451 9482 9483 9502 9513 9528 9546 9547 9565 9590 9614 9619 9624 9634 9641 9647 9700 9724 9738 9772 9794 9803 9811 9812 9815 9833 9859 9879 9905 9910 9937 9970 9995 10010 10014 10061 10062 10066 10070 10103 10110 10125 10140 10150 10166 10167 10175 10178 10179 10192 10209 10211 10214 10218 10222 10225 10238 10243 10302 10307 10362 10379 10403 10454 10464 10475 10503 10516 10556 10578 10610 10618 10619 10657 10658 10670 10691 10720 10728 10750 10776 10794 10820 10836 10848 10891 10910 10911 10955 10956 10965 10975 10978 11002 11006 11022 11023 11035 11054 11061 11071 11078 11107 11147 11165 11196 11200 11239 11244 11252 11322 11372 11373 11384 11402 11417 11423 11433 11461 11467 11482 11508 11510 11511 11541 11547 11549 11553 11559 11566 11584 11681 11701 11721 11725 11729 11746 11778 11808 11853 11856 11873 11884 11950 11983 11991 12005 12022 12036 12039 12043 12055 12056 12067 12093 12096 12134 12140 12148 12158 12162 12180 12249 12306 12316 12354 12383 12410 12425 12426 12437 12449 12464 12479 12484 12497 12503 12571 12616 12660 12661 12666 12667 12669 12704 12705 12712 12720 12723 12765 12776 12779 12789 12833 12838 12840 12856 12857 12870 12881 12883 12899 12911 12948 12954 12983 13001 13031 13171 13186 13209 13239 13269 13356 13363 13369 13384 13416 13418 13423 13437 13442 13450 13451 13464 13470 13490 13494 13512 13515 13529 13570 13669 13728 13742 13816 13820 13835 13924 13975 13990 14040 14052 14066 14127 14136 14141 14145 14167 14226 14232 14255 14259 14296 14350 14359 14450 14482 14503 14543 14568 14595 14603 14645 14646 14662 14663 14700 14703 14753 14775 14835 14840 14845 14851 14870 14880 14881 14888 14899 14903 14923 14942 14951 14955 14969 14972 14973 14992 14997 15003 15026 15029 15030 15049 15074 15085 15100 15127 15129 15136 15193 15198 15223 15241 15261 15286 15291 15317 15322 15329 15337 15346 15351 15354 15356 15369 15375 15397 15398 15413 15420 15427 15442 15450 15469 15475 15484 15485 15514 15535 15541 15554 15556 15566 15571 15572 15577 15591 15606 15648 15656 15663 15665 15676 15682 15685 15687 15700 15705 15708 15725 15732 15753 15760 15769 15772 15780 15785 15786 15791 15794 15796 15809 15819 15823 15826 15827 15832 15837 15841 15842 15872 15884 15895 15896 15900 15914 15916 15925 15944 15947 15948 15981 16035 16053 16063 16077 16081 16093 16098 16100 16115 16122 16142 16144 16152 16154 16160 16172 16179 16181 16183 16195 16211 16212 16242 16265 16282 16289 16290 16296 16299 16300 16305 16310 16328 16330 16343 16344 16351 16459 16467 16494 16509 16527 16538 16551 16559 16578 16589 16591 16635 16639 16642 16644 16647 16652 16662 16679 16689 16691 16694 16716 16719 16721 16727 16747 16765 16769 16775 16778 16781 16783 16791 16793 16812 16823 16833 16836 16837 16845 16848 16850 16859 16971 16975 16978 16993 17027 17050 17083 17128 17131 17135 17155 17158 17195 17237 17242 17246 17274 17290 17307 17311 17319 17341 17342 17346 17372 17373 17378 17381 17402 17406 17413 17420 17454 17489 17497 
p: 148 159 161 187 383 394 396 422 607 691 712 725 739 759 777 781 807 881 893 897 908 911 949 970 974 984 1002 1021 1027 1042 1051 1065 1082 1086 1091 1100 1102 1105 1123 1139 1141 1142 1172 1181 1183 1196 1252 1257 1264 1293 1347 1357 1385 1397 1430 1445 1451 1464 1467 1472 1474 1478 1491 1501 1512 1517 1520 1525 1561 1568 1592 1596 1597 1603 1620 1622 1662 1671 1698 1732 1733 1734 1747 1749 1762 1787 1805 1807 1825 1842 1866 1875 1909 1933 1944 1958 1960 1964 1966 1971 1977 1989 1994 2024 2032 2034 2046 2063 2067 2076 2092 2094 2102 2140 2141 2153 2154 2167 2171 2179 2210 2212 2228 2243 2319 2341 2344 2347 2361 2362 2373 2375 2378 2399 2417 2459 2475 2495 2501 2521 2525 2534 2540 2542 2543 2548 2561 2563 2598 2607 2621 2625 2658 2661 2668 2675 2687 2711 2714 2718 2719 2763 2772 2793 2813 2816 2828 2831 2836 2849 2860 2876 2880 2890 2892 2903 2921 2941 2980 2988 2989 2994 3000 3017 3026 3036 3111 3115 3122 3135 3152 3160 3164 3180 3181 3215 3217 3242 3287 3296 3344 3356 3392 3395 3403 3433 3445 3450 3490 3496 3514 3528 3545 3557 3580 3598 3602 3605 3643 3653 3659 3666 3723 3730 3737 3748 3757 3817 3873 3894 3904 3921 3931 3964 3979 3980 4002 4037 4127 4145 4153 4155 4161 4168 4172 4182 4185 4205 4224 4225 4244 4250 4261 4284 4298 4302 4313 4319 4322 4323 4358 4365 4415 4438 4448 4486 4496 4521 4547 4551 4558 4572 4583 4587 4595 4622 4637 4643 4659 4692 4693 4699 4710 4714 4750 4775 4782 4784 4789 4792 4802 4804 4816 4831 4843 4866 4893 4908 4917 4935 4936 4938 4941 4950 4985 4990 4996 5005 5012 5027 5050 5056 5064 5086 5089 5096 5100 5102 5158 5168 5180 5183 5190 5201 5205 5210 5240 5267 5286 5289 5305 5344 5347 5350 5352 5444 5450 5455 5484 5499 5522 5526 5539 5543 5546 5632 5637 5660 5662 5692 5700 5717 5737 5782 5786 5789 5807 5837 5846 5867 5874 5881 5907 5919 6086 6117 6123 6136 6157 6186 6189 6200 6207 6208 6221 6222 6227 6243 6252 6259 6305 6322 6330 6331 6347 6348 6389 6420 6423 6428 6454 6456 6491 6497 6542 6554 6584 6599 6611 6614 6617 6633 6664 6682 6683 6697 6735 6761 6773 6812 6836 6843 6864 6865 6867 6871 6884 6887 6918 6936 6947 6981 6984 6998 7009 7052 7070 7071 7083 7092 7113 7119 7176 7211 7213 7217 7222 7236 7248 7280 7283 7327 7338 7359 7365 7409 7414 7472 7491 7503 7507 7510 7526 7532 7538 7569 7602 7614 7618 7622 7637 7662 7671 7677 7679 7694 7697 7701 7716 7731 7736 7743 7750 7754 7760 7776 7804 7826 7831 7846 7871 7881 7891 7895 7925 7930 7940 7943 8030 8039 8054 8074 8119 8137 8147 8163 8185 8201 8202 8219 8225 8233 8237 8242 8247 8252 8263 8268 8278 8283 8291 8299 8326 8333 8334 8356 8374 8426 8429 8436 8451 8477 8486 8494 8506 8526 8538 8546 8551 8552 8558 8561 8575 8577 8579 8582 8590 8613 8649 8652 8661 8674 8715 8734 8735 8737 8758 8760 8763 8784 8785 8792 8825 8828 8834 8839 8844 8877 8890 8927 8932 8937 8958 8969 8983 8989 9000 9028 9036 9067 9077 9092 9103 9107 9121 9142 9146 9148 9151 9170 9206 9217 9249 9250 9265 9276 9278 9336 9341 9344 9361 9392 9397 9399 9409 9414 9420 9427 9456 9467 9481 9484 9508 9520 9544 9564 9581 9583 9594 9602 9606 9611 9625 9632 9643 9671 9678 9682 9694 9701 9713 9762 9765 9766 9781 9788 9808 9813 9821 9845 9857 9860 9864 9890 9914 9928 9929 9938 9967 9971 9974 9988 10015 10019 10030 10036 10072 10076 10079 10087 10090 10101 10115 10118 10137 10155 10160 10195 10197 10213 10216 10251 10261 10265 10271 10277 10280 10301 10314 10319 10320 10329 10384 10405 10418 10422 10426 10450 10458 10466 10471 10491 10495 10496 10500 10511 10528 10529 10532 10536 10553 10567 10573 10582 10621 10713 10722 10738 10742 10744 10745 10755 10759 10768 10778 10791 10798 10822 10830 10833 10838 10841 10861 10870 10873 10879 10926 10968 10982 10995 10997 11005 11019 11036 11051 11105 11110 11143 11154 11163 11179 11187 11220 11230 11256 11263 11265 11287 11313 11319 11324 11327 11339 11357 11361 11396 11406 11418 11434 11465 11468 11483 11500 11505 11526 11529 11531 11534 11540 11567 11570 11611 11614 11616 11620 11629 11632 11645 11667 11668 11677 11691 11692 11722 11754 11756 11779 11781 11811 11831 11857 11891 11913 11924 11935 11944 11948 11959 11962 11986 11992 12014 12025 12029 12045 12057 12087 12100 12141 12144 12146 12147 12164 12167 12170 12178 12187 12190 12195 12204 12210 12215 12219 12238 12257 12270 12292 12302 12321 12335 12339 12351 12356 12390 12394 12399 12465 12481 12495 12504 12506 12509 12530 12535 12543 12548 12555 12573 12574 12605 12609 12617 12620 12634 12638 12639 12671 12673 12689 12694 12702 12709 12713 12716 12734 12810 12820 12828 12844 12848 12879 12887 12897 12937 12966 12978 12985 12987 12994 13015 13040 13041 13052 13053 13058 13078 13139 13151 13161 13163 13165 13174 13183 13207 13223 13232 13240 13251 13274 13307 13318 13337 13367 13368 13406 13426 13431 13462 13476 13493 13522 13541 13548 13557 13561 13612 13629 13634 13661 13670 13678 13696 13708 13720 13738 13750 13752 13769 13772 13796 13797 13824 13837 13839 13865 13891 13906 13919 13942 13948 13970 13977 13987 13988 14011 14017 14045 14047 14061 14095 14100 14107 14140 14155 14157 14162 14196 14228 14229 14261 14264 14268 14270 14281 14289 14307 14313 14324 14332 14340 14349 14353 14354 14362 14367 14370 14374 14381 14386 14389 14406 14418 14442 14444 14453 14458 14464 14485 14630 14644 14655 14657 14686 14689 14702 14716 14744 14771 14779 14787 14793 14796 14830 14836 14859 14902 14928 14962 14965 15002 15008 15015 15040 15078 15105 15115 15152 15165 15186 15191 15224 15293 15344 15409 15423 15431 15439 15500 15511 15513 15532 15542 15549 15567 15573 15589 15602 15605 15618 15644 15647 15681 15698 15707 15713 15720 15754 15759 15766 15793 15814 15857 15870 15882 15897 15906 15910 15919 15962 15971 15974 15984 15990 15992 15996 16031 16038 16084 16087 16106 16110 16118 16196 16245 16246 16292 16334 16352 16473 16483 16496 16508 16512 16521 16537 16540 16582 16596 16601 16681 16693 16702 16725 16743 16744 16855 16866 16906 16910 16945 16967 17015 17026 17084 17122 17136 17167 17211 17250 17276 17328 17347 17354 17395 17417 17447 17448 17451 17488 
q: 630 686 719 726 740 764 784 786 797 857 868 886 923 959 978 1000 1024 1031 1035 1073 1092 1096 1116 1134 1149 1176 1191 1202 1206 1220 1247 1254 1260 1287 1297 1309 1345 1374 1431 1456 1531 1536 1558 1572 1586 1628 1639 1675 1706 1710 1722 1729 1745 1786 1789 1810 1833 1855 1880 1921 1995 2022 2026 2050 2059 2085 2090 2095 2100 2106 2117 2124 2142 2152 2173 2196 2207 2218 2251 2286 2297 2313 2339 2345 2366 2377 2380 2396 2407 2430 2442 2509 2547 2567 2585 2603 2634 2645 2685 2703 2724 2735 2791 2811 2832 2855 2857 2882 2891 2897 2911 2917 3056 3073 3080 3106 3131 3168 3223 3260 3266 3273 3283 3315 3334 3365 3375 3414 3418 3419 3440 3444 3454 3470 3487 3497 3505 3532 3540 3569 3575 3587 3597 3604 3610 3615 3619 3625 3656 3667 3674 3676 3719 3821 3832 3857 3903 3917 3928 3938 3954 3962 3975 3994 4007 4011 4018 4032 4056 4083 4123 4137 4144 4169 4181 4222 4228 4277 4296 4305 4339 4347 4361 4384 4391 4402 4437 4468 4475 4550 4563 4614 4620 4624 4628 4631 4635 4646 4656 4661 4682 4694 4711 4731 4734 4744 4756 4777 4788 4796 4801 4805 4811 4827 4839 4853 4867 4876 4891 4904 4914 4922 4931 4946 4988 5020 5038 5046 5052 5106 5112 5135 5162 5165 5176 5246 5271 5287 5380 5391 5399 5412 5419 5435 5436 5460 5467 5472 5490 5508 5512 5518 5528 5559 5577 5609 5645 5718 5722 5741 5744 5760 5773 5781 5790 5800 5808 5814 5815 5830 5834 5862 5913 5924 5934 5945 5958 5965 5984 6007 6024 6113 6119 6134 6140 6180 6232 6251 6264 6265 6267 6282 6290 6311 6363 6380 6425 6459 6468 6486 6512 6526 6533 6540 6556 6570 6592 6608 6634 6644 6649 6666 6670 6696 6732 6741 6746 6754 6776 6815 6826 6863 6876 6880 6899 6908 6915 6919 6921 6927 6949 6965 6993 7010 7022 7025 7035 7055 7062 7078 7117 7139 7142 7147 7152 7157 7179 7202 7223 7239 7276 7284 7291 7298 7314 7324 7332 7344 7356 7366 7391 7419 7443 7474 7482 7504 7508 7511 7516 7600 7612 7649 7664 7675 7687 7692 7708 7721 7744 7793 7803 7813 7823 7833 7854 7869 7945 7949 7950 7955 7962 7973 7980 7994 7997 8023 8034 8046 8050 8070 8088 8115 8142 8167 8176 8183 8189 8190 8209 8218 8228 8239 8251 8270 8279 8288 8305 8335 8385 8391 8402 8460 8479 8502 8518 8569 8589 8605 8611 8618 8629 8650 8664 8696 8699 8720 8739 8742 8745 8750 8773 8782 8787 8798 8810 8819 8860 8872 8934 8943 8949 8975 9027 9030 9059 9066 9073 9082 9091 9106 9109 9211 9235 9252 9289 9295 9301 9315 9395 9425 9432 9485 9504 9518 9538 9540 9589 9626 9630 9665 9668 9695 9720 9732 9745 9748 9755 9769 9802 9814 9824 9829 9837 9846 9851 9855 9865 9868 9876 9891 9902 9935 9944 9950 9985 10020 10037 10091 10152 10170 10174 10185 10191 10200 10220 10285 10297 10309 10321 10324 10328 10353 10381 10404 10416 10434 10451 10477 10479 10542 10546 10563 10571 10577 10581 10606 10617 10644 10645 10678 10711 10729 10747 10753 10781 10792 10816 10853 10883 10884 10897 10913 10919 10953 10963 10996 11052 11057 11076 11101 11118 11125 11139 11160 11186 11221 11227 11238 11241 11249 11255 11308 11320 11344 11378 11382 11390 11407 11443 11456 11470 11492 11517 11586 11596 11621 11634 11652 11666 11679 11686 11695 11704 11717 11718 11751 11773 11777 11793 11802 11806 11809 11816 11821 11830 11893 11906 11960 11965 11973 11980 11993 12007 12021 12040 12044 12091 12102 12113 12121 12152 12165 12175 12189 12198 12205 12263 12271 12273 12290 12300 12362 12392 12414 12434 12456 12476 12523 12532 12538 12552 12594 12598 12633 12665 12687 12724 12737 12745 12803 12846 12877 12885 12894 12905 12912 12921 12927 12943 12946 12976 13018 13023 13038 13048 13066 13095 13107 13138 13149 13156 13176 13190 13202 13213 13215 13225 13248 13253 13280 13286 13327 13341 13342 13382 13389 13398 13455 13473 13491 13504 13591 13600 13609 13622 13627 13679 13709 13722 13739 13768 13782 13801 13821 13833 13838 13842 13911 13914 13934 13983 13998 14021 14026 14059 14063 14067 14079 14083 14149 14158 14193 14199 14201 14209 14213 14230 14245 14251 14303 14368 14393 14397 14398 14446 14448 14454 14459 14476 
r: 27 37 208 442 698 748 771 773 799 856 919 932 980 1010 1012 1048 1128 1154 1162 1173 1204 1222 1224 1244 1342 1354 1379 1449 1543 1562 1571 1607 1788 1821 1860 2079 2182 2185 2216 2273 2323 2326 2350 2389 2402 2654 2686 2696 2717 2775 2881 2888 2908 2936 2986 2999 3043 3075 3090 3138 3218 3347 3391 3406 3432 3662 3684 3699 3763 3806 3825 3849 3951 4025 4049 4100 4294 4310 4318 4498 4503 4524 4634 4715 4797 4818 4923 4948 5001 5004 5010 5285 5327 5359 5403 5417 5551 5608 5665 5707 5904 5914 5964 5970 6034 6043 6104 6169 6188 6258 6313 6364 6445 6511 6675 6725 6740 6782 7016 7104 7129 7353 7385 7397 7402 7499 7502 7572 7626 7659 7848 7858 7937 7988 7991 8031 8105 8217 8264 8280 8454 8523 8527 8710 8743 8751 8848 8863 8879 8936 9056 9155 9172 9303 9375 9428 9472 9574 9595 9613 9657 9673 9698 9718 9743 9780 9853 9885 9946 9952 9972 9987 9996 10029 10046 10229 10385 10388 10436 10672 10689 10717 10740 10763 10780 10847 10856 10927 10940 10969 11017 11116 11271 11447 11485 11494 11545 11572 11585 11628 11732 11882 11927 11940 11969 12017 12069 12099 12126 12135 12149 12191 12230 12361 12373 12380 12397 12411 12457 12462 12471 12485 12519 12585 12615 12760 12768 12816 12859 12973 12984 13033 13071 13100 13116 13216 13425 13438 13488 13521 13551 13635 13650 13693 13701 13710 13719 13753 13762 13806 13818 13882 13900 13908 13950 13956 14002 14032 14037 14049 14096 14113 14169 14242 14266 14283 14297 14325 14355 14471 14488 14642 14650 14691 14693 14727 14742 14759 14778 14781 14808 14898 14914 14950 14999 15022 15184 15205 15210 15364 15383 15385 15460 15470 15540 15565 15666 15701 15831 15891 15912 15959 15988 15994 16034 16054 16071 16076 16114 16124 16136 16143 16241 16313 16460 16464 16466 16485 16491 16500 16523 16529 16532 16553 16561 16573 16588 16590 16592 16701 16828 16876 16888 17148 17186 17200 17222 17234 17271 17309 
s: 62 83 112 118 124 162 167 183 209 210 221 252 259 277 285 286 308 318 347 353 359 397 402 418 443 444 455 486 493 511 519 520 542 552 704 705 720 767 770 775 810 826 861 870 885 898 902 915 924 929 988 995 1023 1026 1036 1038 1055 1057 1093 1109 1113 1121 1124 1177 1185 1189 1199 1211 1231 1234 1248 1255 1256 1261 1269 1276 1332 1368 1372 1381 1393 1400 1414 1419 1423 1432 1442 1457 1465 1468 1471 1473 1484 1490 1503 1515 1522 1533 1553 1556 1559 1560 1564 1574 1582 1587 1601 1615 1616 1632 1658 1660 1676 1694 1695 1697 1700 1702 1704 1721 1727 1737 1776 1781 1793 1820 1828 1831 1841 1879 1884 1908 1931 1935 1945 1980 1988 2020 2031 2084 2101 2107 2133 2157 2178 2195 2200 2221 2222 2264 2270 2306 2316 2355 2369 2372 2393 2420 2426 2435 2444 2447 2461 2464 2468 2478 2486 2507 2516 2536 2541 2566 2574 2578 2605 2606 2635 2652 2663 2684 2695 2698 2731 2739 2782 2802 2819 2846 2856 2901 2938 2942 2982 2990 3003 3010 3053 3086 3087 3173 3176 3182 3184 3190 3197 3212 3232 3234 3248 3256 3257 3275 3277 3299 3303 3309 3316 3331 3337 3351 3358 3367 3374 3388 3390 3400 3407 3412 3425 3428 3468 3477 3495 3522 3526 3537 3539 3544 3551 3555 3572 3582 3586 3596 3601 3627 3628 3631 3639 3647 3648 3693 3702 3710 3711 3722 3754 3764 3783 3786 3787 3796 3813 3822 3827 3845 3850 3863 3905 3920 3927 3929 3943 3953 3981 4082 4094 4106 4110 4139 4142 4147 4150 4152 4174 4175 4179 4186 4189 4200 4206 4233 4264 4267 4307 4325 4338 4341 4363 4389 4398 4410 4419 4431 4439 4449 4462 4467 4472 4479 4491 4515 4518 4567 4570 4611 4612 4641 4652 4653 4669 4698 4712 4726 4745 4767 4815 4864 4870 4875 4882 4889 4892 4899 4905 4909 4915 4926 4955 4969 4974 4989 4992 4994 5000 5031 5042 5066 5067 5069 5071 5072 5073 5078 5081 5084 5111 5113 5123 5124 5175 5182 5196 5204 5207 5231 5235 5237 5244 5247 5252 5254 5256 5276 5298 5299 5313 5316 5321 5338 5354 5368 5378 5388 5400 5402 5405 5423 5426 5454 5457 5466 5473 5476 5481 5489 5491 5492 5500 5510 5513 5519 5545 5549 5567 5571 5598 5600 5601 5617 5622 5640 5653 5655 5668 5671 5690 5694 5699 5709 5727 5729 5751 5753 5759 5768 5794 5802 5803 5838 5842 5844 5848 5856 5871 5933 5951 5955 5961 5968 5987 5995 5999 6003 6011 6020 6025 6033 6041 6057 6058 6060 6072 6083 6088 6090 6102 6135 6142 6147 6177 6196 6250 6257 6266 6276 6280 6281 6288 6297 6302 6307 6309 6315 6334 6375 6383 6390 6406 6444 6462 6464 6508 6525 6576 6595 6598 6603 6606 6618 6620 6623 6627 6628 6658 6677 6684 6701 6709 6728 6751 6778 6781 6794 6824 6835 6846 6856 6879 6882 6891 6897 6910 6911 6924 6929 6934 6964 6972 6977 6987 6996 7002 7006 7020 7040 7045 7073 7081 7122 7124 7141 7146 7156 7158 7165 7184 7188 7190 7197 7198 7201 7209 7221 7228 7246 7251 7272 7281 7290 7334 7349 7354 7357 7375 7384 7411 7415 7433 7466 7489 7495 7497 7509 7517 7521 7524 7529 7537 7590 7601 7631 7644 7654 7666 7672 7689 7700 7711 7719 7729 7734 7753 7755 7756 7758 7774 7786 7790 7797 7801 7805 7810 7824 7829 7842 7907 7929 7939 7947 7951 7996 7999 8006 8035 8043 8076 8080 8097 8132 8135 8194 8204 8207 8212 8223 8241 8261 8269 8346 8358 8388 8411 8428 8437 8444 8448 8467 8482 8513 8567 8604 8608 8622 8632 8641 8643 8653 8656 8675 8687 8716 8762 8802 8809 8811 8835 8837 8850 8910 8919 8921 8938 8941 8947 8985 8997 9003 9031 9039 9058 9085 9086 9099 9114 9117 9122 9140 9147 9149 9154 9160 9169 9180 9182 9184 9199 9208 9213 9226 9239 9247 9305 9325 9340 9347 9357 9389 9404 9417 9438 9449 9452 9493 9506 9542 9577 9591 9604 9618 9620 9631 9640 9661 9663 9688 9699 9703 9707 9760 9841 9881 9884 9895 9898 9901 9903 9940 9943 9963 9965 9973 9984 10013 10040 10065 10086 10124 10139 10153 10164 10186 10227 10239 10245 10246 10260 10269 10290 10293 10303 10316 10334 10345 10350 10352 10367 10380 10383 10401 10417 10442 10455 10482 10507 10543 10579 10588 10597 10604 10607 10624 10638 10659 10664 10682 10725 10730 10732 10736 10752 10758 10793 10796 10817 10818 10859 10863 10876 10882 10885 10902 10922 10933 10938 10951 10962 10988 10994 10999 11000 11044 11059 11079 11087 11094 11103 11109 11119 11150 11153 11162 11190 11229 11245 11246 11296 11300 11302 11346 11387 11399 11458 11463 11473 11519 11524 11528 11542 11544 11548 11558 11602 11610 11615 11623 11638 11653 11673 11674 11678 11685 11689 11699 11708 11712 11752 11767 11784 11810 11815 11835 11837 11838 11841 11843 11855 11871 11886 11887 11890 11895 11988 11995 11998 12010 12019 12026 12035 12037 12038 12072 12078 12081 12101 12110 12193 12197 12200 12221 12229 12237 12279 12294 12297 12299 12318 12319 12336 12350 12381 12421 12441 12447 12458 12483 12511 12515 12525 12537 12554 12561 12586 12593 12604 12621 12636 12645 12646 12656 12686 12693 12695 12738 12751 12755 12758 12780 12790 12811 12822 12858 12872 12890 12893 12909 12933 12936 12950 12968 12995 13002 13008 13013 13032 13062 13070 13118 13132 13164 13175 13179 13188 13195 13212 13256 13271 13275 13301 13315 13343 13351 13357 13361 13366 13375 13378 13415 13419 13436 13441 13456 13457 13465 13468 13495 13502 13513 13528 13558 13568 13577 13606 13619 13623 13645 13654 13656 13667 13683 13686 13690 13692 13698 13699 13718 13759 13760 13774 13775 13784 13815 13830 13834 13845 13909 13922 13930 13940 13952 13991 14004 14007 14038 14060 14097 14105 14109 14116 14131 14166 14168 14172 14190 14205 14219 14236 14240 14267 14285 14302 14306 14331 14420 14445 14447 14449 14544 14549 14591 14671 14694 14743 14772 14801 15012 15218 15232 15270 15281 15316 15368 15392 15586 15716 15717 15800 15855 15997 16002 16004 16015 16056 16072 16188 16221 16270 16274 16477 16550 16564 16593 16630 16654 16664 16671 16685 16697 16818 16864 16908 16936 16977 16984 17022 17044 17081 17118 17121 17123 17161 17173 17194 17226 17245 17251 17260 17263 17270 17284 17285 17303 17318 17320 17321 17388 17408 17416 17452 17456 17462 17467 17495 
t: 15 40 41 43 49 58 59 69 74 79 80 90 96 97 99 109 114 116 120 127 134 137 153 160 176 184 186 194 202 207 213 214 219 223 227 241 250 253 256 258 267 273 276 278 284 289 293 298 303 307 311 316 331 332 334 344 349 351 355 362 369 372 388 395 411 419 421 429 436 441 447 448 453 457 461 475 484 487 490 492 501 507 510 512 518 523 527 532 537 541 545 550 597 623 625 627 708 713 837 860 971 1015 1052 1059 1081 1094 1110 1118 1135 1216 1327 1346 1364 1377 1380 1446 1448 1487 1509 1579 1618 1754 1865 1883 1916 1924 1942 2015 2044 2077 2110 2132 2188 2248 2253 2254 2276 2282 2300 2304 2311 2332 2333 2354 2412 2438 2492 2493 2517 2549 2564 2617 2623 2628 2650 2666 2678 2689 2708 2712 2737 2741 2746 2770 2780 2814 2833 2851 2867 2895 2927 2971 2991 3018 3063 3119 3155 3157 3186 3220 3224 3247 3250 3281 3285 3294 3317 3322 3342 3360 3373 3377 3421 3427 3492 3554 3599 3607 3660 3678 3744 3766 3784 3860 3877 3885 3913 3949 3956 3976 3977 3989 3999 4016 4051 4079 4210 4243 4245 4249 4286 4316 4333 4349 4372 4382 4407 4454 4520 4548 4574 4632 4655 4727 4743 4779 4786 4791 4799 4806 4842 4859 4872 4901 4919 4942 4954 5043 5047 5074 5090 5132 5239 5241 5261 5278 5302 5334 5370 5373 5409 5452 5462 5474 5520 5578 5594 5606 5631 5647 5648 5656 5678 5683 5697 5712 5742 5767 5775 5872 5877 5888 5893 5915 5917 5942 6010 6037 6065 6092 6109 6133 6178 6182 6191 6199 6212 6217 6233 6244 6249 6284 6318 6359 6360 6392 6397 6417 6419 6422 6437 6565 6573 6612 6630 6645 6667 6676 6692 6708 6718 6724 6742 6774 6789 6804 6811 6825 6847 6858 6868 6901 6909 6917 6922 6933 6938 6950 6975 6978 6986 7041 7043 7061 7085 7096 7116 7143 7214 7219 7233 7244 7275 7285 7299 7316 7358 7362 7388 7429 7470 7518 7544 7560 7565 7581 7584 7588 7642 7658 7668 7680 7682 7710 7720 7789 7791 7808 7821 7878 7880 7898 7902 7910 7918 7923 7926 7936 7941 7974 7998 8005 8008 8012 8015 8021 8028 8036 8038 8040 8047 8056 8065 8069 8071 8073 8078 8084 8092 8098 8107 8111 8122 8138 8149 8170 8184 8198 8199 8200 8222 8229 8258 8271 8272 8281 8301 8331 8342 8343 8351 8366 8375 8376 8390 8396 8415 8420 8422 8424 8450 8456 8466 8471 8474 8488 8495 8505 8537 8543 8580 8627 8665 8667 8691 8694 8708 8711 8725 8741 8746 8755 8793 8795 8801 8803 8820 8827 8830 8840 8851 8857 8862 8864 8867 8874 8912 8922 8940 8974 9010 9016 9034 9048 9087 9098 9101 9102 9104 9110 9113 9118 9129 9161 9192 9196 9198 9201 9204 9205 9207 9210 9263 9279 9321 9324 9328 9365 9383 9385 9401 9419 9549 9558 9560 9567 9572 9578 9593 9607 9654 9655 9669 9697 9734 9764 9798 9810 9818 9832 9852 9856 9858 9960 9969 9998 10022 10039 10042 10043 10096 10098 10126 10133 10201 10304 10306 10437 10440 10509 10525 10540 10544 10564 10574 10613 10626 10653 10690 10700 10715 10734 10756 10760 10761 10771 10774 10855 10890 10893 10904 10936 10949 11073 11102 11135 11164 11168 11176 11181 11208 11223 11251 11262 11309 11326 11352 11408 11409 11516 11578 11603 11682 11697 11705 11715 11747 11797 11832 11839 11859 11883 11943 11966 12074 12090 12212 12226 12244 12272 12286 12364 12406 12516 12517 12546 12547 12549 12550 12570 12582 12640 12648 12670 12726 12732 12786 12841 12851 12904 12949 12953 12955 12959 12971 12975 12986 12989 13000 13007 13050 13074 13140 13148 13170 13191 13228 13238 13254 13303 13395 13397 13404 13420 13460 13475 13540 13562 13566 13611 13614 13620 13637 13652 13687 13771 13814 13823 13897 13904 13923 14014 14044 14057 14078 14085 14090 14104 14110 14119 14143 14181 14188 14197 14235 14254 14275 14288 14304 14330 14337 14338 14352 14365 14400 14436 14443 14487 14502 14620 14643 14652 14660 14669 14672 14682 14697 14704 14707 14715 14717 14722 14728 14738 14754 14758 14766 14802 14803 14804 14831 14837 14847 14858 14864 14868 14869 14871 14878 14904 14911 14917 14921 14922 14924 14936 14940 14941 14943 14975 14986 14990 14991 14993 15001 15005 15009 15023 15043 15047 15048 15050 15056 15057 15071 15073 15075 15086 15098 15099 15101 15109 15134 15143 15147 15151 15155 15164 15168 15176 15185 15199 15206 15215 15219 15227 15239 15240 15242 15246 15252 15259 15260 15262 15266 15269 15292 15305 15323 15327 15334 15335 15336 15338 15352 15366 15376 15386 15396 15401 15402 15422 15430 15448 15473 15474 15476 15482 15499 15508 15515 15518 15525 15528 15544 15548 15557 15564 15569 15575 15578 15581 15584 15604 15607 15620 15625 15628 15632 15636 15637 15646 15649 15654 15657 15667 15672 15674 15683 15702 15709 15715 15728 15729 15731 15733 15741 15744 15768 15781 15790 15795 15811 15812 15833 15849 15867 15899 15907 15917 15923 15931 15936 15940 15945 15946 15949 15952 15957 15961 15963 15964 15989 15993 16005 16006 16013 16022 16023 16055 16060 16061 16062 16064 16075 16082 16097 16130 16137 16145 16153 16155 16168 16185 16186 16191 16201 16210 16213 16216 16218 16237 16243 16251 16256 16263 16267 16279 16285 16308 16326 16336 16342 16345 16348 16360 16365 16453 16468 16481 16482 16486 16492 16501 16511 16515 16520 16533 16536 16542 16546 16552 16554 16563 16579 16581 16586 16598 16602 16640 16646 16657 16660 16663 16666 16667 16669 16674 16676 16683 16695 16700 16708 16712 16714 16715 16722 16735 16742 16762 16770 16777 16782 16795 16810 16820 16830 16846 16865 16869 16871 16875 16882 16883 16893 16897 16905 16922 16942 16952 16973 16976 16982 16986 16995 17001 17002 17009 17011 17012 17045 17070 17078 17105 17106 17126 17133 17141 17152 17164 17169 17171 17175 17181 17184 17196 17206 17215 17221 17244 17269 17291 17305 17306 17312 17324 17371 17374 17384 17428 17459 17475 17478 17479 17486 17494 17496 17500 
u: 16 39 269 503 682 693 697 780 814 862 867 882 889 941 946 985 997 1007 1029 1068 1114 1161 1226 1236 1279 1329 1376 1384 1396 1410 1417 1438 1447 1454 1480 1500 1521 1526 1606 1609 1612 1637 1718 1719 1736 1760 1767 1771 1784 1826 1840 1852 1874 1897 1957 1963 1985 1991 2030 2036 2042 2048 2052 2062 2071 2081 2083 2108 2115 2122 2138 2150 2161 2189 2220 2225 2231 2236 2263 2302 2413 2428 2473 2481 2499 2545 2556 2600 2632 2655 2657 2660 2664 2690 2697 2720 2750 2767 2815 2823 2848 2873 2878 2902 2952 2977 3014 3025 3068 3078 3104 3124 3128 3140 3145 3150 3159 3172 3175 3178 3193 3246 3280 3288 3371 3405 3431 3463 3481 3501 3517 3530 3558 3622 3632 3661 3672 3690 3701 3762 3768 3771 3777 3785 3867 3900 4088 4093 4133 4156 4176 4178 4183 4196 4270 4287 4343 4399 4471 4522 4535 4557 4582 4596 4657 4668 4673 4678 4686 4706 4752 4766 4781 4793 4803 4820 4871 4912 4968 4971 4995 5026 5054 5144 5159 5198 5232 5266 5283 5303 5331 5353 5361 5416 5421 5480 5488 5502 5521 5524 5552 5581 5602 5611 5630 5649 5675 5730 5734 5758 5776 5784 5869 5882 5890 5899 5921 5953 5956 5963 5978 6040 6078 6114 6163 6173 6226 6229 6263 6312 6346 6361 6386 6405 6421 6472 6558 6577 6609 6629 6686 6694 6698 6739 6771 6798 6821 6870 6878 6889 6906 6913 6928 6989 7047 7051 7069 7075 7115 7123 7137 7172 7230 7273 7282 7319 7339 7374 7426 7434 7607 7616 7620 7638 7685 7690 7698 7781 7814 7850 7886 7912 7934 7948 7953 8032 8059 8067 8178 8196 8203 8206 8224 8240 8253 8267 8379 8469 8557 8584 8609 8685 8695 8776 8791 8812 8868 8887 8948 9011 9080 9116 9133 9162 9174 9223 9237 9256 9310 9345 9374 9398 9403 9413 9434 9437 9459 9533 9553 9559 9569 9587 9675 9680 9730 9758 9787 9819 9847 9872 9907 9913 9921 9942 9955 9982 9983 10048 10148 10162 10249 10250 10255 10258 10394 10400 10408 10427 10493 10499 10569 10583 10615 10648 10650 10655 10680 10683 10797 10865 10872 10899 10920 10929 10958 11004 11112 11174 11178 11207 11228 11232 11247 11257 11278 11297 11331 11368 11412 11425 11487 11490 11574 11613 11627 11639 11643 11647 11693 11744 11755 11759 11787 11791 11852 11923 11934 11939 11952 11975 11996 12028 12088 12122 12154 12173 12196 12206 12232 12243 12267 12288 12301 12309 12315 12320 12329 12344 12365 12375 12388 12454 12459 12470 12514 12557 12675 12683 12715 12718 12721 12741 12750 12756 12770 12830 12853 12915 12919 12965 12967 12972 13016 13076 13087 13096 13120 13128 13200 13246 13322 13333 13340 13380 13385 13424 13446 13452 13519 13542 13545 13605 13607 13766 13792 13798 13803 13817 13825 13866 13890 13893 13949 13955 13961 13978 14015 14028 14030 14033 14046 14073 14094 14146 14164 14215 14290 14334 14339 14343 14371 14375 14378 14382 14417 14422 14432 14472 14733 14740 14765 14844 14900 14915 14948 15028 15449 15472 15576 15611 15662 15751 15788 15813 15830 15878 15924 15930 15935 15960 16041 16074 16092 16359 16690 16972 17069 17115 17203 17219 17279 17288 17430 
v: 628 631 688 746 791 903 914 943 983 1089 1137 1187 1225 1233 1296 1337 1360 1373 1426 1493 1546 1594 1684 1709 1758 1806 1812 1839 1853 1869 1934 1975 1982 1986 2008 2066 2116 2118 2123 2149 2151 2187 2232 2237 2256 2266 2271 2289 2303 2312 2364 2370 2411 2423 2437 2482 2500 2539 2560 2590 2601 2618 2620 2636 2644 2648 2699 2753 2768 2800 2809 2812 2830 2841 2871 2872 2879 2886 2939 2981 2984 3032 3045 3058 3099 3194 3208 3233 3271 3341 3345 3466 3579 3588 3691 3704 3760 3833 3899 3901 4004 4027 4040 4126 4164 4190 4194 4197 4240 4263 4291 4301 4324 4337 4394 4427 4476 4490 4510 4552 4562 4571 4604 4625 4665 4719 4740 4913 4966 4981 4986 5022 5061 5107 5116 5130 5145 5160 5187 5248 5281 5292 5294 5301 5355 5369 5414 5430 5456 5482 5511 5536 5564 5592 5626 5654 5748 5761 5770 5828 5875 5883 5896 5906 5930 6016 6111 6127 6149 6319 6353 6433 6482 6506 6532 6555 6601 6665 6668 6702 6733 6758 6903 6923 6976 6983 6997 7007 7074 7162 7207 7300 7301 7430 7442 7449 7514 7541 7629 7686 7730 7843 7851 7946 8066 8193 8213 8274 8344 8349 8377 8380 8489 8493 8535 8556 8574 8607 8623 8631 8645 8646 8668 8688 8702 8747 8771 8813 8865 8892 8953 8954 8956 8968 8984 9009 9035 9074 9095 9138 9200 9236 9241 9273 9300 9307 9329 9335 9384 9390 9423 9462 9516 9612 9628 9646 9650 9728 9767 9904 9919 9948 10018 10053 10085 10130 10135 10145 10151 10184 10193 10252 10253 10264 10286 10363 10452 10523 10527 10534 10547 10570 10609 10628 10671 10762 10801 10829 10960 10972 10979 10981 11033 11064 11113 11144 11155 11180 11216 11282 11340 11380 11413 11428 11472 11474 11491 11503 11561 11579 11592 11703 11763 11844 11899 11915 11916 12008 12059 12139 12163 12188 12218 12246 12278 12284 12287 12305 12312 12313 12326 12333 12386 12436 12489 12521 12568 12581 12588 12630 12632 12681 12748 12754 12772 12788 12806 12843 12938 12990 13011 13019 13051 13064 13091 13104 13189 13244 13263 13306 13308 13313 13328 13332 13347 13383 13390 13408 13429 13497 13508 13537 13539 13555 13596 13599 13603 13655 13706 13723 13779 13813 13869 13873 13903 13920 13927 13984 14010 14034 14056 14128 14152 14206 14218 14344 14373 14429 14455 14456 14470 14535 14537 14604 14761 15440 15792 15868 16231 16304 16659 16699 16739 16832 16851 16867 17040 17252 17355 17407 
w: 24 28 48 54 56 61 63 77 82 84 123 136 140 171 177 185 231 238 324 358 371 375 406 412 420 465 472 558 606 14606 14629 14641 14648 14653 14670 14685 14688 14714 14757 14777 14795 14842 14848 14852 14856 14857 14866 14877 14883 14895 14908 14959 14980 15006 15034 15035 15038 15041 15061 15066 15068 15070 15090 15094 15113 15140 15145 15161 15179 15196 15200 15213 15217 15229 15235 15238 15251 15253 15258 15267 15272 15279 15283 15285 15294 15300 15304 15306 15349 15353 15359 15371 15393 15410 15417 15419 15421 15428 15429 15457 15461 15481 15487 15495 15512 15519 15531 15546 15547 15553 15558 15563 15579 15600 15603 15616 15633 15643 15645 15658 15675 15684 15688 15690 15704 15711 15712 15722 15745 15758 15776 15799 15834 15877 15881 15905 15928 15975 15982 16042 16046 16050 16083 16103 16109 16121 16132 16139 16146 16150 16163 16167 16178 16182 16198 16248 16261 16266 16358 16455 16456 16479 16487 16493 16503 16505 16514 16517 16534 16555 16575 16576 16599 16638 16731 16734 16741 16751 16772 16787 16799 16819 16825 16831 16858 16868 16887 16903 16947 17080 17086 17119 17120 17140 17153 17174 17183 17220 17230 17231 17235 17253 17255 17264 17265 17272 17286 17289 17299 17343 17356 17365 17370 17383 17389 17401 17421 17437 17445 17457 17464 
y: 106 158 175 188 217 225 239 247 280 301 321 341 393 410 423 451 459 473 481 514 535 555 14675 14735 14741 14746 14862 14909 14912 14932 14945 14961 14964 14982 14995 15007 15058 15087 15096 15172 15187 15216 15280 15295 15301 15320 15330 15381 15538 15559 15610 15765 15802 15879 15920 15933 15938 15983 15991 16044 16138 16166 16193 16315 16366 16448 16462 16472 16484 16490 16498 16504 16513 16531 16543 16548 16569 16603 16773 16804 16930 17021 17393 
z: 3125 3633 11641 
|: 14509 14510 14512 14514 14516 14518 14520 14522 14523 14525 14528 14531 14532 14534 14536 14538 14539 14541 14546 14551 14552 14554 14556 14558 14559 14561 14563 14565 
